10000
0.002564
0.827815
0.280526
0.355327
0.677114
0.037690
0.585070
0.734611
0.373424
0.307474
0.115421
0.876400
0.493637
0.077914
0.108249
0.893521
0.730857
0.674276
0.873653
0.498825
0.517380
0.587420
0.075900
0.787591
0.802362
0.765221
0.985412
0.107547
0.566271
0.694510
0.356792
0.048585
0.977660
0.555620
0.091067
0.082247
0.598895
0.230293
0.336497
0.883267
0.546953
0.444349
0.185675
0.863765
0.015442
0.826380
0.624317
0.951872
0.064333
0.163793
0.888363
0.145421
0.083407
0.637318
0.885372
0.872524
0.835902
0.315165
0.836879
0.689688
0.488357
0.688437
0.797479
0.349681
0.533097
0.528581
0.207221
0.769219
0.009674
0.848506
0.133457
0.928495
0.931089
0.248268
0.358257
0.233558
0.321512
0.427198
0.967986
0.373211
0.771813
0.142705
0.600909
0.200446
0.918363
0.398053
0.009461
0.671560
0.752525
0.139714
0.093020
0.372173
0.165960
0.245827
0.057527
0.663289
0.638936
0.086764
0.858791
0.977050
0.477096
0.439375
0.584613
0.294351
0.503525
0.035920
0.933195
0.335734
0.612232
0.529130
0.443129
0.495651
0.088809
0.154210
0.631672
0.052797
0.105441
0.869930
0.697592
0.686880
0.295602
0.258675
0.944578
0.833033
0.815210
0.968505
0.581622
0.905667
0.796381
0.976501
0.056673
0.922727
0.600024
0.456313
0.579821
0.561266
0.773431
0.530198
0.991821
0.176305
0.119297
0.687063
0.635029
0.813593
0.782281
0.147801
0.382244
0.747673
0.759239
0.959349
0.480178
0.576983
0.739860
0.098025
0.363384
0.406415
0.683370
0.364483
0.095462
0.149297
0.037843
0.350352
0.593188
0.479568
0.008545
0.258919
0.290231
0.465743
0.780999
0.860225
0.396649
0.417676
0.105655
0.362163
0.410108
0.977630
0.150212
0.479171
0.035524
0.986419
0.025391
0.479141
0.169012
0.156499
0.891140
0.490097
0.102695
0.082888
0.048982
0.848079
0.606220
0.623005
0.927152
0.767205
0.041749
0.177129
0.364116
0.113102
0.168249
0.900601
0.097781
0.561419
0.791528
0.378430
0.865535
0.921903
0.916105
0.794702
0.022034
0.910306
0.555589
0.126743
0.080996
0.148228
0.857143
0.396435
0.086612
0.673330
0.696890
0.509140
0.221931
0.739860
0.402173
0.711722
0.559160
0.192114
0.757164
0.201209
0.359294
0.190954
0.947539
0.914914
0.826594
0.575396
0.601459
0.033418
0.724326
0.639943
0.581957
0.227882
0.758354
0.609333
0.687826
0.182562
0.134251
0.591937
0.918821
0.423963
0.194739
0.292550
0.461653
0.988159
0.543229
0.266640
0.052950
0.956755
0.560167
0.996460
0.875362
0.393811
0.718009
0.570879
0.642933
0.714011
0.601428
0.250130
0.032746
0.013733
0.038697
0.696219
0.117832
0.396619
0.250923
0.150792
0.958800
0.824061
0.424696
0.341685
0.009491
0.522538
0.615131
0.398816
0.493881
0.479141
0.385205
0.561480
0.409345
0.055574
0.087619
0.957762
0.313578
0.253273
0.195349
0.237434
0.550615
0.659474
0.587573
0.339702
0.072970
0.606769
0.196661
0.176885
0.515275
0.576525
0.922941
0.515397
0.676412
0.377575
0.223029
0.835261
0.066012
0.131840
0.278665
0.449324
0.671804
0.597613
0.151433
0.663656
0.603473
0.862026
0.830256
0.259865
0.770348
0.934111
0.577715
0.081515
0.247993
0.269082
0.481582
0.004547
0.490921
0.756096
0.617359
0.074435
0.046876
0.199469
0.728660
0.090091
0.929746
0.825892
0.831324
0.416639
0.306406
0.847835
0.647603
0.307657
0.654805
0.615253
0.276711
0.518723
0.048616
0.386029
0.007965
0.492935
0.725364
0.247078
0.682730
0.900266
0.593677
0.216956
0.511216
0.811335
0.836634
0.061556
0.751244
0.287515
0.266701
0.853603
0.153722
0.668111
0.589190
0.807825
0.582751
0.336070
0.229865
0.422712
0.715232
0.243568
0.883541
0.460067
0.227119
0.978515
0.439375
0.793878
0.372082
0.653249
0.439619
0.659261
0.359233
0.397015
0.727592
0.333445
0.435560
0.732902
0.441420
0.779321
0.079958
0.621052
0.009888
0.283303
0.214972
0.448866
0.306345
0.618580
0.841884
0.750053
0.616962
0.764916
0.006287
0.933134
0.579974
0.716330
0.499954
0.801080
0.751610
0.408094
0.205023
0.143406
0.955382
0.293954
0.487411
0.181402
0.070803
0.605060
0.544816
0.148442
0.417798
0.821650
0.116520
0.786248
0.392926
0.389203
0.460524
0.038118
0.514084
0.209571
0.004425
0.721335
0.529466
0.939146
0.576678
0.458541
0.747276
0.624409
0.623768
0.650746
0.242347
0.707419
0.320505
0.772240
0.096103
0.930692
0.978607
0.769311
0.325816
0.174596
0.660573
0.843379
0.659597
0.757225
0.405103
0.400464
0.813471
0.228187
0.969726
0.447829
0.426496
0.188482
0.497421
0.218879
0.310373
0.166295
0.013489
0.308359
0.169836
0.081118
0.158422
0.097995
0.449965
0.326853
0.063509
0.754845
0.466536
0.005219
0.775445
0.582842
0.476180
0.341227
0.135594
0.009278
0.841884
0.810846
0.521104
0.987518
0.950529
0.013398
0.353099
0.096164
0.038942
0.819239
0.779107
0.117954
0.583941
0.823695
0.435224
0.377392
0.413373
0.639454
0.694967
0.619739
0.194006
0.057649
0.310282
0.712577
0.452681
0.609668
0.851833
0.950346
0.786859
0.560198
0.853938
0.244148
0.420881
0.863643
0.071230
0.977203
0.764275
0.114200
0.752586
0.807642
0.128056
0.021912
0.338939
0.200079
0.255715
0.444655
0.491501
0.966613
0.824793
0.508560
0.855678
0.598956
0.575335
0.847407
0.468245
0.672964
0.221717
0.492264
0.212836
0.106479
0.803949
0.443129
0.230842
0.552080
0.634236
0.452956
0.693442
0.705771
0.496170
0.056276
0.841212
0.812952
0.251686
0.373028
0.697745
0.152959
0.512467
0.718955
0.363201
0.783319
0.532243
0.553972
0.294137
0.324992
0.976012
0.799768
0.476119
0.069887
0.722221
0.057558
0.894894
0.192083
0.354839
0.757805
0.212867
0.343455
0.500656
0.772393
0.056887
0.415632
0.668935
0.521470
0.823359
0.749046
0.748955
0.105197
0.407483
0.570605
0.822199
0.492508
0.762505
0.941069
0.445173
0.297403
0.695212
0.993377
0.059328
0.174780
0.803919
0.743461
0.683859
0.366344
0.965636
0.254311
0.548204
0.428266
0.277810
0.434980
0.820276
0.671804
0.862056
0.255501
0.086520
0.347911
0.434584
0.659169
0.740196
0.107364
0.051393
0.953276
0.934172
0.767541
0.932859
0.959593
0.254250
0.916868
0.774895
0.705954
0.769951
0.388745
0.452834
0.940001
0.617603
0.135655
0.523850
0.246498
0.773888
0.534928
0.434706
0.049501
0.174322
0.657338
0.840602
0.280251
0.834132
0.530015
0.941801
0.992737
0.127018
0.924711
0.243995
0.707389
0.878872
0.702445
0.648824
0.764916
0.431440
0.246529
0.280526
0.470717
0.333628
0.014130
0.955351
0.312052
0.815760
0.738853
0.699789
0.028291
0.703085
0.314310
0.223792
0.816218
0.925413
0.891293
0.755455
0.451125
0.278176
0.218390
0.143040
0.605487
0.592364
0.758568
0.631062
0.145787
0.968169
0.611988
0.216407
0.689322
0.229835
0.776910
0.990692
0.202033
0.257485
0.779748
0.375164
0.918516
0.351756
0.205329
0.654744
0.365551
0.288186
0.159215
0.716666
0.770501
0.217261
0.192267
0.400830
0.635548
0.066408
0.719932
0.367687
0.759423
0.600238
0.466659
0.889584
0.487411
0.794977
0.967071
0.472732
0.471358
0.683920
0.654714
0.715171
0.720450
0.329875
0.570513
0.307260
0.224433
0.080355
0.221015
0.581347
0.930387
0.762810
0.618763
0.516037
0.353984
0.975005
0.035127
0.602191
0.607135
0.127812
0.497757
0.476302
0.122684
0.396069
0.562914
0.727775
0.857540
0.233589
0.394879
0.786187
0.255776
0.609363
0.682943
0.295022
0.752739
0.620319
0.427747
0.877895
0.101138
0.637562
0.127903
0.703513
0.301126
0.641835
0.398236
0.756005
0.414594
0.904874
0.551042
0.216163
0.045869
0.672536
0.171270
0.860775
0.769799
0.006409
0.217475
0.885189
0.287606
0.439558
0.678915
0.056429
0.593616
0.603076
0.320811
0.602618
0.932005
0.479690
0.548967
0.744469
0.826319
0.440565
0.924284
0.276345
0.962493
0.721427
0.359233
0.101779
0.206458
0.494430
0.527268
0.130741
0.537980
0.192053
0.516129
0.444166
0.181402
0.239204
0.256783
0.132511
0.715415
0.849635
0.758812
0.714438
0.442152
0.043184
0.683828
0.541459
0.797510
0.540025
0.287912
0.095737
0.083651
0.687887
0.264657
0.586230
0.305246
0.078951
0.519547
0.749992
0.390027
0.012482
0.407453
0.265084
0.575793
0.459059
0.464187
0.680837
0.244514
0.683493
0.163488
0.271828
0.984954
0.181829
0.730583
0.722282
0.164892
0.089206
0.543657
0.046388
0.794824
0.714713
0.154607
0.651723
0.963378
0.359233
0.459883
0.950804
0.626576
0.073122
0.053285
0.428327
0.031892
0.509110
0.291452
0.569658
0.558061
0.527543
0.103580
0.556383
0.252358
0.709677
0.076479
0.136357
0.846431
0.435408
0.846370
0.573412
0.531632
0.681784
0.328349
0.083499
0.275765
0.198279
0.815302
0.663564
0.961730
0.215644
0.476974
0.718894
0.129826
0.343760
0.290750
0.395886
0.604999
0.815577
0.935392
0.026124
0.789727
0.732688
0.678701
0.587664
0.904416
0.469344
0.790979
0.590594
0.956359
0.890927
0.514634
0.292459
0.718406
0.542772
0.122074
0.650075
0.498398
0.466567
0.092471
0.913785
0.981323
0.799310
0.939207
0.270669
0.924650
0.812067
0.718528
0.442946
0.988495
0.544450
0.751549
0.647420
0.481887
0.690939
0.590167
0.822748
0.306284
0.895383
0.758354
0.530259
0.877499
0.110050
0.300089
0.435377
0.307413
0.175420
0.665365
0.774682
0.627003
0.276681
0.964965
0.716056
0.331004
0.433699
0.126133
0.017487
0.026826
0.680349
0.979400
0.891018
0.467727
0.089480
0.808588
0.477767
0.752068
0.299966
0.394879
0.840968
0.970061
0.701865
0.086276
0.882443
0.078799
0.935942
0.923704
0.089297
0.287301
0.864162
0.354869
0.517106
0.732139
0.666952
0.567705
0.915403
0.725883
0.223609
0.973571
0.402020
0.358592
0.432325
0.872494
0.592883
0.734428
0.625782
0.831355
0.592578
0.623890
0.738823
0.805994
0.752953
0.813868
0.384167
0.538682
0.605274
0.935575
0.492721
0.262581
0.872646
0.052736
0.674612
0.243660
0.968474
0.790643
0.956938
0.191992
0.887997
0.287240
0.054964
0.073489
0.898129
0.748253
0.832881
0.353069
0.932585
0.886410
0.109622
0.200934
0.098544
0.027314
0.467635
0.692862
0.200537
0.162206
0.218909
0.535752
0.688375
0.729270
0.186010
0.350291
0.935026
0.404828
0.453719
0.040895
0.251045
0.685537
0.747459
0.285348
0.541337
0.542741
0.595080
0.674276
0.010865
0.930418
0.928098
0.532792
0.825404
0.427870
0.278573
0.954741
0.133610
0.798547
0.227882
0.081088
0.356822
0.745781
0.263955
0.153844
0.152409
0.647633
0.702567
0.376446
0.957396
0.550798
0.829676
0.112094
0.518418
0.206153
0.920621
0.451491
0.314158
0.426160
0.292367
0.680380
0.276681
0.545976
0.045412
0.679403
0.717856
0.269204
0.651387
0.786309
0.867000
0.679952
0.042268
0.152623
0.926176
0.701590
0.358409
0.125675
0.049409
0.784661
0.010346
0.687033
0.151891
0.104160
0.211859
0.478988
0.955382
0.048036
0.639729
0.450453
0.176397
0.277596
0.376568
0.652669
0.263192
0.142033
0.793512
0.216987
0.587756
0.727103
0.528153
0.045473
0.499069
0.320231
0.214759
0.245582
0.144108
0.572771
0.122623
0.840175
0.462661
0.140599
0.358684
0.784204
0.261940
0.084750
0.791040
0.819544
0.778008
0.813013
0.349376
0.198492
0.629292
0.843440
0.858730
0.808130
0.569292
0.171972
0.062197
0.725883
0.944151
0.524400
0.990173
0.738426
0.261574
0.274361
0.330576
0.854366
0.777581
0.308847
0.958251
0.342448
0.506607
0.621937
0.278054
0.326456
0.562212
0.918577
0.539018
0.467971
0.233619
0.009064
0.775445
0.768151
0.705344
0.276193
0.531022
0.020051
0.825098
0.995422
0.022675
0.942686
0.827265
0.790277
0.899960
0.527451
0.417463
0.003479
0.256111
0.629566
0.124607
0.265511
0.048097
0.333934
0.327067
0.041444
0.580248
0.128452
0.858577
0.437880
0.209021
0.414747
0.600787
0.050600
0.924924
0.388104
0.968200
0.134739
0.966979
0.818049
0.691916
0.878231
0.127323
0.760155
0.808679
0.060121
0.901303
0.731193
0.260872
0.875057
0.139103
0.378063
0.014557
0.204718
0.356304
0.172308
0.100955
0.118076
0.358257
0.161168
0.488205
0.881191
0.335520
0.306619
0.189306
0.258126
0.086154
0.443464
0.512894
0.384167
0.521287
0.387799
0.862484
0.992523
0.109775
0.227393
0.991150
0.275613
0.419294
0.324473
0.117252
0.162725
0.408551
0.063051
0.808039
0.294717
0.628254
0.871517
0.036622
0.477126
0.986389
0.551805
0.319529
0.893307
0.234107
0.446577
0.340281
0.858455
0.828822
0.475417
0.965636
0.395825
0.329966
0.571459
0.060579
0.416669
0.984985
0.549760
0.008698
0.784631
0.660237
0.938414
0.343333
0.046449
0.774590
0.803888
0.396893
0.109928
0.390484
0.101657
0.373486
0.650044
0.120090
0.583789
0.752190
0.525254
0.001770
0.793847
0.425977
0.984649
0.003601
0.181494
0.483840
0.947295
0.310251
0.867244
0.041414
0.135258
0.048952
0.088778
0.026643
0.341288
0.611652
0.860347
0.327036
0.612415
0.228706
0.876186
0.204169
0.631092
0.950957
0.189215
0.382366
0.074557
0.696219
0.696829
0.717063
0.234260
0.516648
0.963897
0.849971
0.675985
0.742729
0.415479
0.756310
0.222388
0.160619
0.429701
0.591327
0.039216
0.879208
0.362285
0.741539
0.106052
0.042360
0.033906
0.487533
0.853053
0.043580
0.711814
0.184301
0.245155
0.398694
0.116825
0.365215
0.094729
0.932768
0.486831
0.676382
0.883938
0.438185
0.228401
0.047060
0.878048
0.459395
0.187323
0.002960
0.811243
0.360820
0.069643
0.527909
0.925687
0.334330
0.044374
0.381085
0.645558
0.502396
0.058901
0.275277
0.667013
0.773247
0.898984
0.822810
0.745354
0.604083
0.523392
0.655293
0.960784
0.328928
0.706076
0.623463
0.744011
0.207038
0.515458
0.483383
0.442640
0.848292
0.663381
0.975066
0.710135
0.171819
0.254128
0.700125
0.497940
0.554216
0.965361
0.704398
0.932707
0.323038
0.191504
0.171972
0.859249
0.252815
0.181982
0.136570
0.331095
0.218757
0.704093
0.617115
0.829157
0.665334
0.262917
0.083041
0.490463
0.045137
0.409192
0.656178
0.127812
0.885189
0.166051
0.955046
0.321665
0.635914
0.106418
0.988037
0.365642
0.960021
0.111759
0.001709
0.346568
0.616871
0.344035
0.690542
0.140934
0.598773
0.461531
0.673696
0.608142
0.675588
0.610340
0.646443
0.762658
0.003632
0.222114
0.110996
0.205634
0.955657
0.150121
0.094028
0.597888
0.827174
0.174169
0.756615
0.454726
0.576495
0.406049
0.302988
0.044649
0.254128
0.626453
0.094577
0.672658
0.277688
0.085055
0.375134
0.129521
0.208838
0.794488
0.513474
0.588458
0.188635
0.849818
0.170232
0.730247
0.686972
0.804590
0.294473
0.378033
0.723014
0.634968
0.356761
0.423383
0.212531
0.322733
0.724784
0.324351
0.598346
0.588824
0.587695
0.957121
0.420209
0.808527
0.335795
0.102573
0.980529
0.639485
0.801263
0.348674
0.761986
0.393963
0.266579
0.690268
0.753319
0.686392
0.646809
0.607166
0.339518
0.387555
0.751915
0.902463
0.912900
0.416730
0.035432
0.081149
0.860958
0.402997
0.735740
0.551897
0.087466
0.746788
0.815973
0.431379
0.723106
0.113224
0.609363
0.234199
0.181677
0.888394
0.575579
0.228339
0.218360
0.629383
0.074770
0.737968
0.146184
0.040284
0.565600
0.174932
0.866817
0.504440
0.132939
0.079836
0.872219
0.704611
0.752373
0.954283
0.873196
0.362438
0.196966
0.164953
0.211066
0.628224
0.992981
0.702109
0.709006
0.152226
0.330576
0.071718
0.118686
0.369121
0.336009
0.104648
0.819483
0.026307
0.611225
0.962340
0.925169
0.487899
0.447401
0.121281
0.455641
0.844966
0.618488
0.617603
0.729179
0.364086
0.161107
0.331950
0.631336
0.304880
0.047182
0.597369
0.917692
0.637684
0.155065
0.910092
0.205267
0.693289
0.445967
0.025544
0.810419
0.275277
0.751793
0.220099
0.087985
0.266701
0.080233
0.000275
0.429304
0.261879
0.844203
0.040193
0.574023
0.255043
0.920682
0.629139
0.393139
0.916929
0.946532
0.409833
0.798761
0.490280
0.756432
0.689199
0.937010
0.835932
0.369884
0.102481
0.320566
0.660482
0.433332
0.912290
0.056825
0.456771
0.523301
0.723380
0.827906
0.188696
0.217444
0.895077
0.779015
0.251167
0.339244
0.431928
0.971221
0.736930
0.282968
0.634297
0.554827
0.541063
0.824610
0.289682
0.319956
0.334910
0.325785
0.686819
0.780023
0.940031
0.736320
0.232673
0.444777
0.134098
0.301706
0.954863
0.439253
0.419630
0.382275
0.669362
0.124393
0.786615
0.289621
0.096133
0.875912
0.000885
0.547075
0.702994
0.677725
0.448988
0.479965
0.559069
0.686148
0.070742
0.542711
0.979583
0.420820
0.411267
0.287820
0.242775
0.738945
0.323252
0.384442
0.160283
0.249031
0.350810
0.591357
0.782403
0.320261
0.326243
0.091647
0.019227
0.343913
0.211127
0.094943
0.459212
0.402783
0.712546
0.113376
0.166082
0.005310
0.706015
0.817652
0.735740
0.040284
0.996460
0.879391
0.393811
0.608417
0.448164
0.706259
0.415937
0.887326
0.015168
0.475692
0.651173
0.685751
0.703360
0.373821
0.430342
0.843654
0.995239
0.445601
0.640461
0.134159
0.769158
0.962737
0.246223
0.823817
0.243690
0.715232
0.040254
0.547044
0.978881
0.133091
0.902860
0.651662
0.464888
0.644459
0.352947
0.671102
0.330546
0.176000
0.671377
0.079836
0.701590
0.202673
0.377422
0.988556
0.740837
0.251869
0.340312
0.934446
0.901395
0.269539
0.306711
0.424146
0.923765
0.753563
0.125431
0.384350
0.108310
0.060793
0.450728
0.177129
0.894803
0.794763
0.205145
0.335948
0.279092
0.678976
0.583789
0.678396
0.099734
0.823359
0.880459
0.952544
0.724479
0.789270
0.917447
0.672323
0.168554
0.359569
0.360210
0.298929
0.175878
0.420209
0.697928
0.423994
0.294351
0.859279
0.171270
0.110965
0.476577
0.889676
0.428968
0.051119
0.237220
0.702292
0.193670
0.690054
0.898221
0.855281
0.719413
0.981201
0.953215
0.305734
0.320719
0.922605
0.082186
0.490555
0.755852
0.533219
0.848140
0.362163
0.744194
0.424696
0.606037
0.785546
0.400250
0.625233
0.656606
0.202979
0.864467
0.811609
0.174871
0.972533
0.912748
0.605823
0.945860
0.286599
0.825739
0.092166
0.437788
0.076907
0.299081
0.211493
0.244667
0.811884
0.676077
0.188513
0.429243
0.593005
0.283486
0.648671
0.797327
0.456221
0.152654
0.580523
0.635456
0.284677
0.906186
0.800501
0.942381
0.239021
0.091952
0.075289
0.685873
0.111393
0.746055
0.559160
0.116642
0.509842
0.464797
0.701712
0.669546
0.278695
0.768395
0.282723
0.484237
0.061708
0.036500
0.730094
0.076418
0.414136
0.797510
0.377239
0.190252
0.369488
0.652272
0.816492
0.363994
0.868130
0.614338
0.003784
0.239753
0.953032
0.146977
0.272408
0.148503
0.139531
0.679128
0.910459
0.001770
0.865444
0.880673
0.459365
0.021393
0.426679
0.479141
0.389386
0.338115
0.306558
0.898495
0.308206
0.990783
0.302927
0.501267
0.358898
0.357219
0.361034
0.715934
0.963836
0.547777
0.517533
0.829676
0.570330
0.793207
0.861782
0.728996
0.554613
0.357921
0.921506
0.368450
0.940245
0.009705
0.378002
0.249367
0.087039
0.577654
0.518235
0.689383
0.007355
0.628803
0.328776
0.164464
0.465163
0.795618
0.639424
0.504379
0.514725
0.784814
0.221137
0.222724
0.635121
0.599109
0.245827
0.763390
0.116489
0.003327
0.013398
0.943724
0.854732
0.765557
0.352916
0.376812
0.210211
0.705161
0.603504
0.153172
0.087924
0.078738
0.581835
0.563402
0.893735
0.335063
0.442183
0.143376
0.524430
0.770440
0.835078
0.822718
0.047151
0.115787
0.271310
0.458144
0.224189
0.586657
0.097201
0.532853
0.540086
0.427015
0.987304
0.303079
0.886868
0.479049
0.360881
0.173162
0.563494
0.809046
0.629048
0.580615
0.746452
0.921445
0.677389
0.171789
0.086764
0.591937
0.491653
0.550279
0.590777
0.851100
0.332438
0.378399
0.439802
0.149327
0.364360
0.113804
0.906064
0.235206
0.147130
0.161840
0.019990
0.777367
0.893979
0.725333
0.146367
0.262307
0.903653
0.132756
0.124271
0.198523
0.073061
0.926450
0.128239
0.158635
0.895871
0.491348
0.906125
0.690664
0.853511
0.506485
0.550127
0.629566
0.605426
0.999817
0.457595
0.840693
0.884304
0.287576
0.637043
0.925932
0.502304
0.580218
0.016449
0.923826
0.375286
0.534898
0.909909
0.535569
0.970672
0.537126
0.298074
0.907163
0.085238
0.991729
0.080264
0.499649
0.359661
0.405103
0.952574
0.078707
0.435133
0.539628
0.069765
0.354137
0.159154
0.421522
0.146641
0.301462
0.746422
0.483657
0.154637
0.696097
0.300607
0.624195
0.270913
0.891964
0.604419
0.462539
0.235267
0.375164
0.582720
0.573962
0.771722
0.124516
0.346446
0.983703
0.230689
0.309946
0.222297
0.702383
0.108188
0.359905
0.675283
0.583514
0.598193
0.929441
0.530045
0.284463
0.834376
0.799463
0.397229
0.612445
0.977752
0.239387
0.711295
0.036164
0.806085
0.863735
0.285592
0.645192
0.961638
0.513810
0.791833
0.337260
0.513169
0.196631
0.068850
0.515915
0.988952
0.611225
0.668600
0.078738
0.536363
0.294259
0.543931
0.978240
0.365062
0.916166
0.285653
0.135716
0.129368
0.758751
0.814570
0.990539
0.406323
0.905637
0.934751
0.464888
0.925901
0.177190
0.654530
0.626087
0.709311
0.340403
0.681204
0.827296
0.771722
0.625660
0.995880
0.608112
0.545671
0.081423
0.914670
0.135990
0.681631
0.797967
0.542314
0.470107
0.381451
0.531419
0.024903
0.428663
0.921567
0.759636
0.507431
0.340861
0.521683
0.700949
0.202673
0.465194
0.215583
0.326792
0.477981
0.354625
0.879971
0.900113
0.365337
0.950560
0.077853
0.070070
0.402142
0.686361
0.872860
0.054872
0.207709
0.382214
0.269814
0.943602
0.702872
0.211768
0.439558
0.648457
0.377911
0.522904
0.382092
0.538743
0.516099
0.792596
0.186407
0.287637
0.778069
0.498337
0.541581
0.963134
0.054048
0.186590
0.656392
0.894375
0.990051
0.519761
0.243385
0.344554
0.093570
0.582934
0.723594
0.521989
0.826441
0.231635
0.308054
0.959899
0.589343
0.762078
0.112857
0.796838
0.006043
0.684347
0.963408
0.988861
0.412122
0.881130
0.044282
0.984344
0.955046
0.931761
0.051576
0.893124
0.212134
0.883969
0.002716
0.680807
0.732292
0.253945
0.361309
0.420087
0.407361
0.536332
0.632344
0.129521
0.080508
0.004883
0.084597
0.231819
0.296670
0.086001
0.756127
0.162297
0.601978
0.085055
0.399030
0.159032
0.298257
0.548082
0.520371
0.765923
0.059023
0.039064
0.174596
0.079836
0.312815
0.614856
0.664388
0.273354
0.800317
0.778344
0.805902
0.423811
0.211890
0.191321
0.914823
0.180425
0.311136
0.928800
0.169103
0.300699
0.451125
0.555010
0.505295
0.586993
0.889523
0.803491
0.703940
0.254646
0.808588
0.141362
0.820948
0.263436
0.446821
0.000244
0.620777
0.642750
0.247902
0.953825
0.167882
0.342204
0.433638
0.624409
0.232673
0.639180
0.906827
0.598956
0.667867
0.633961
0.890561
0.136296
0.412336
0.864040
0.210150
0.946623
0.277627
0.569109
0.623798
0.824152
0.174230
0.637257
0.108310
0.415143
0.933561
0.764336
0.506241
0.901486
0.381603
0.857448
0.440535
0.881558
0.821192
0.213752
0.903012
0.229896
0.578387
0.505936
0.423017
0.216468
0.769738
0.105533
0.222297
0.666829
0.946440
0.775567
0.262459
0.444685
0.771630
0.263222
0.591235
0.037965
0.387341
0.824641
0.894070
0.529832
0.627003
0.212104
0.656575
0.735191
0.729759
0.155797
0.845027
0.784967
0.713340
0.870663
0.510422
0.938871
0.061037
0.619984
0.222724
0.907468
0.879818
0.867000
0.741264
0.465896
0.184637
0.045289
0.828028
0.639271
0.466994
0.480148
0.609455
0.242103
0.201910
0.490921
0.393536
0.052034
0.451338
0.206671
0.348155
0.400006
0.219214
0.125950
0.946989
0.457320
0.714682
0.951872
0.589160
0.001465
0.179968
0.733573
0.299265
0.941679
0.438734
0.846217
0.913480
0.385266
0.821650
0.839503
0.658071
0.526749
0.624744
0.686911
0.527299
0.139836
0.757805
0.466384
0.365825
0.954741
0.737907
0.004089
0.062777
0.700980
0.685171
0.512345
0.763237
0.098086
0.476882
0.752495
0.503677
0.574267
0.715629
0.755089
0.177374
0.995087
0.668508
0.627461
0.236213
0.183050
0.833216
0.480697
0.035066
0.509720
0.287118
0.006745
0.224921
0.340861
0.476180
0.737632
0.101199
0.616962
0.599170
0.516800
0.313334
0.349162
0.244087
0.215522
0.841914
0.312937
0.432783
0.223975
0.649739
0.719993
0.729820
0.749260
0.912931
0.149998
0.572253
0.451216
0.238105
0.523545
0.476394
0.447615
0.772759
0.396954
0.277566
0.219306
0.613727
0.361034
0.059389
0.447432
0.421186
0.824213
0.928983
0.313303
0.644002
0.962096
0.293680
0.292428
0.262337
0.113865
0.796503
0.974029
0.454390
0.407605
0.565508
0.937010
0.093020
0.894986
0.934416
0.214209
0.478927
0.977325
0.289590
0.375286
0.216071
0.403638
0.200842
0.760308
0.636280
0.622425
0.491165
0.894955
0.678579
0.768120
0.402387
0.618519
0.630238
0.063356
0.512894
0.956206
0.635121
0.919095
0.563372
0.266457
0.375805
0.512375
0.847041
0.695578
0.836177
0.124760
0.320627
0.469405
0.549760
0.021119
0.092349
0.054933
0.241249
0.151006
0.442976
0.721793
0.266457
0.453444
0.036317
0.535417
0.757378
0.046510
0.475661
0.313517
0.878750
0.082980
0.861934
0.576159
0.102084
0.553056
0.510025
0.021516
0.903592
0.815821
0.479873
0.558367
0.791986
0.140385
0.077853
0.426069
0.072909
0.038057
0.985534
0.434156
0.255776
0.666707
0.171148
0.852077
0.509445
0.088717
0.241005
0.980499
0.072878
0.663656
0.386395
0.935698
0.027406
0.357097
0.582232
0.678030
0.336344
0.246437
0.194311
0.815668
0.558397
0.005615
0.650777
0.215094
0.141331
0.649129
0.334269
0.949644
0.701956
0.317423
0.351146
0.616626
0.198370
0.384564
0.333842
0.555651
0.401593
0.669088
0.932676
0.997925
0.571642
0.029878
0.153356
0.678610
0.745506
0.128117
0.196509
0.943632
0.542253
0.636311
0.955382
0.881466
0.892270
0.675832
0.827815
0.511734
0.596423
0.764489
0.999298
0.561846
0.121647
0.054781
0.852596
0.862392
0.538987
0.144688
0.660848
0.893399
0.010498
0.241676
0.219886
0.511795
0.731437
0.961852
0.576586
0.392102
0.733390
0.544755
0.508744
0.211097
0.455367
0.765770
0.913541
0.107852
0.488449
0.326640
0.760216
0.450453
0.400678
0.006256
0.763604
0.440687
0.048128
0.351939
0.434431
0.587695
0.278848
0.193365
0.663106
0.582263
0.435102
0.759880
0.492599
0.602435
0.561296
0.682455
0.237403
0.582324
0.722800
0.661946
0.604114
0.474868
0.342570
0.084323
0.970458
0.040010
0.961486
0.364605
0.478500
0.189673
0.328684
0.300485
0.099063
0.420362
0.228706
0.216956
0.322459
0.365062
0.950438
0.183233
0.632832
0.995605
0.805475
0.083285
0.421918
0.506455
0.601489
0.820856
0.498367
0.411603
0.476669
0.440840
0.849116
0.885556
0.001923
0.447707
0.808924
0.879421
0.957060
0.102420
0.294443
0.044160
0.686453
0.979431
0.258919
0.991424
0.441908
0.564104
0.023774
0.923276
0.617450
0.173101
0.643574
0.162908
0.282998
0.977783
0.960265
0.616626
0.923582
0.412458
0.503250
0.698569
0.789178
0.748924
0.891385
0.749992
0.762841
0.117832
0.893094
0.483627
0.152165
0.759148
0.801080
0.484817
0.311045
0.781610
0.277596
0.300485
0.497574
0.213965
0.326762
0.147252
0.874874
0.628101
0.550035
0.770043
0.060335
0.115482
0.341227
0.482040
0.130284
0.898923
0.177099
0.918058
0.485733
0.359783
0.659902
0.531358
0.485855
0.762993
0.468337
0.366619
0.255165
0.459944
0.872646
0.138829
0.570910
0.851802
0.970733
0.150609
0.236732
0.893399
0.300913
0.078341
0.848933
0.419507
0.988220
0.158940
0.361339
0.074740
0.079775
0.808039
0.355724
0.128086
0.226234
0.201117
0.423109
0.953459
0.364910
0.849055
0.562822
0.457564
0.561235
0.698569
0.005432
0.236335
0.664693
0.789697
0.365703
0.741020
0.935270
0.001007
0.531755
0.235359
0.297098
0.914060
0.197058
0.824946
0.375317
0.327982
0.441115
0.340220
0.972015
0.456160
0.265114
0.354167
0.138188
0.335185
0.489151
0.116062
0.497818
0.478683
0.916868
0.682302
0.979705
0.305857
0.173833
0.026063
0.613941
0.377026
0.126347
0.406568
0.549333
0.967162
0.286172
0.779199
0.947447
0.008087
0.108036
0.528214
0.909879
0.931730
0.586077
0.302744
0.095279
0.444227
0.055025
0.237556
0.181768
0.763848
0.603137
0.340037
0.831385
0.352153
0.002258
0.324168
0.312784
0.671163
0.562304
0.673177
0.438429
0.996887
0.814997
0.211951
0.972442
0.820795
0.434797
0.970519
0.165197
0.870540
0.301828
0.619465
0.571612
0.280831
0.113834
0.259438
0.808344
0.946379
0.453230
0.844905
0.407025
0.586932
0.715445
0.024079
0.419507
0.557604
0.804712
0.676382
0.930876
0.933409
0.004059
0.927854
0.137455
0.901364
0.925047
0.926969
0.145177
0.989868
0.943724
0.161016
0.144963
0.167547
0.029603
0.594989
0.121464
0.342479
0.373272
0.413709
0.750969
0.292825
0.718772
0.649098
0.645253
0.560564
0.807764
0.473128
0.597400
0.339366
0.840999
0.438368
0.985595
0.887783
0.363689
0.446577
0.991516
0.498947
0.481124
0.727622
0.789514
0.558611
0.810205
0.608875
0.362621
0.721732
0.073885
0.357402
0.101718
0.739921
0.744530
0.875149
0.844356
0.970244
0.641926
0.529252
0.509018
0.097079
0.893063
0.898373
0.981567
0.098117
0.159185
0.715873
0.409772
0.985656
0.536912
0.792169
0.562365
0.354350
0.039186
0.196173
0.408612
0.267525
0.062807
0.478347
0.575213
0.511795
0.748375
0.215491
0.835902
0.752647
0.638936
0.659597
0.290902
0.621357
0.544206
0.770837
0.392071
0.265084
0.015473
0.417188
0.469649
0.390759
0.338664
0.020844
0.917570
0.334666
0.450697
0.433546
0.693014
0.188513
0.686392
0.321177
0.286905
0.513352
0.761467
0.839961
0.821070
0.672781
0.898038
0.884426
0.428632
0.316477
0.499161
0.689230
0.574267
0.045320
0.278420
0.065462
0.469527
0.789453
0.250557
0.053285
0.240638
0.930418
0.490036
0.271523
0.004273
0.698843
0.063326
0.745994
0.507767
0.878628
0.041108
0.497391
0.490066
0.349010
0.997131
0.670553
0.419752
0.495926
0.899075
0.485488
0.765984
0.023469
0.799097
0.792383
0.459273
0.197424
0.228584
0.511032
0.697623
0.051241
0.704886
0.736656
0.754753
0.586444
0.255135
0.792383
0.946593
0.498245
0.364299
0.010987
0.412122
0.458144
0.253059
0.525864
0.865017
0.483810
0.892117
0.853175
0.972137
0.428755
0.658986
0.546251
0.515183
0.121921
0.043794
0.703665
0.992157
0.189276
0.310007
0.611713
0.813959
0.087863
0.516434
0.303354
0.753410
0.384472
0.807062
0.314066
0.802301
0.809381
0.374371
0.416303
0.092837
0.116733
0.003082
0.613849
0.039888
0.283151
0.600024
0.177129
0.360240
0.074984
0.616504
0.000580
0.124699
0.516373
0.769738
0.063967
0.500229
0.288644
0.969207
0.277902
0.337260
0.592883
0.854427
0.495956
0.259316
0.506424
0.850154
0.973601
0.410535
0.364818
0.145512
0.055879
0.517930
0.200385
0.503403
0.374889
0.424207
0.768822
0.305673
0.337962
0.747459
0.194678
0.741569
0.188604
0.824274
0.767571
0.544450
0.420392
0.592181
0.919645
0.183935
0.826228
0.567675
0.916196
0.919279
0.963042
0.576464
0.290414
0.619984
0.314127
0.391675
0.553514
0.761040
0.930021
0.936705
0.211249
0.497360
0.828761
0.208533
0.618763
0.225105
0.937529
0.578326
0.704093
0.535386
0.856594
0.624897
0.092563
0.966887
0.226356
0.157872
0.662526
0.463301
0.979614
0.586444
0.063814
0.942625
0.259560
0.290017
0.230842
0.883450
0.285195
0.147343
0.420667
0.335398
0.945189
0.879635
0.807855
0.259651
0.401440
0.364849
0.167180
0.605670
0.483840
0.578692
0.675710
0.030488
0.157140
0.318796
0.364696
0.667104
0.841426
0.368480
0.253945
0.847530
0.867183
0.256111
0.698202
0.187475
0.846736
0.266488
0.978362
0.938627
0.242470
0.860378
0.667684
0.014344
0.914121
0.158483
0.804804
0.596179
0.925260
0.646321
0.404645
0.725883
0.391217
0.755669
0.338267
0.790551
0.649129
0.479476
0.113468
0.306528
0.531480
0.676382
0.586688
0.908170
0.024354
0.220496
0.137883
0.948027
0.091922
0.653523
0.339763
0.614826
0.947935
0.494858
0.652181
0.974944
0.555834
0.866329
0.173101
0.844111
0.638722
0.587390
0.977813
0.895596
0.980224
0.397504
0.076846
0.910581
0.297617
0.461653
0.524705
0.577776
0.468642
0.815210
0.709830
0.747978
0.392804
0.904660
0.357738
0.549669
0.268899
0.880093
0.278298
0.272652
0.569781
0.796228
0.388104
0.425336
0.495560
0.377392
0.039918
0.871853
0.186590
0.503677
0.189642
0.455824
0.477615
0.073824
0.432661
0.016724
0.473952
0.401318
0.440413
0.204718
0.731285
0.799860
0.828700
0.001007
0.320383
0.514847
0.988922
0.349101
0.557543
0.656423
0.913297
0.804010
0.682485
0.290994
0.545640
0.605121
0.264779
0.347179
0.688711
0.079012
0.619922
0.492172
0.999451
0.778954
0.016511
0.635517
0.103214
0.266518
0.955718
0.215705
0.358867
0.942534
0.304025
0.926481
0.304849
0.832575
0.561266
0.038636
0.318674
0.734275
0.044008
0.973937
0.520371
0.631947
0.266732
0.287118
0.451186
0.784997
0.301248
0.712485
0.559191
0.396558
0.395978
0.431013
0.022584
0.268471
0.636219
0.214545
0.942320
0.348674
0.926725
0.603320
0.434645
0.577502
0.077731
0.772485
0.656117
0.939177
0.275857
0.244850
0.290689
0.124393
0.720817
0.105350
0.531419
0.710807
0.709555
0.873684
0.087374
0.266976
0.949004
0.691305
0.247261
0.286660
0.378277
0.979614
0.530931
0.359264
0.282235
0.224342
0.959899
0.483169
0.977111
0.043855
0.478530
0.927335
0.849574
0.196448
0.556597
0.548570
0.030793
0.683523
0.504807
0.969909
0.486557
0.604663
0.534623
0.526200
0.804102
0.920988
0.093173
0.384350
0.458205
0.782952
0.505203
0.742668
0.836604
0.578661
0.452345
0.517380
0.806452
0.359447
0.322275
0.421186
0.103153
0.798364
0.957579
0.840846
0.322794
0.338359
0.836573
0.419843
0.799036
0.685934
0.217109
0.752434
0.146184
0.306986
0.274300
0.094974
0.749840
0.080691
0.763787
0.501572
0.985412
0.767876
0.241371
0.289285
0.446944
0.450087
0.371105
0.240089
0.966826
0.595660
0.351939
0.445204
0.707511
0.909055
0.995025
0.198187
0.107120
0.619282
0.482620
0.843287
0.959655
0.364666
0.339946
0.984985
0.410932
0.328867
0.651143
0.965239
0.152501
0.785699
0.050478
0.014374
0.593341
0.707907
0.520524
0.982391
0.291635
0.597064
0.527696
0.056001
0.427747
0.190100
0.527665
0.368999
0.598987
0.199347
0.370464
0.910764
0.718436
0.741661
0.637562
0.640370
0.298044
0.613483
0.441939
0.211707
0.898190
0.067965
0.722007
0.216254
0.024049
0.250038
0.561083
0.349834
0.250984
0.946043
0.563555
0.409162
0.859188
0.804010
0.818842
0.524918
0.759728
0.681112
0.484451
0.537492
0.992676
0.274087
0.519669
0.921171
0.578753
0.689077
0.600513
0.163915
0.005890
0.107425
0.747978
0.008057
0.131596
0.203253
0.700034
0.458724
0.782708
0.469131
0.559435
0.966185
0.833613
0.106479
0.747734
0.688009
0.044343
0.636586
0.797510
0.237892
0.439589
0.888241
0.013550
0.826899
0.509873
0.519181
0.534684
0.203284
0.016511
0.726493
0.826746
0.297952
0.681143
0.302866
0.139073
0.980743
0.541154
0.694937
0.954619
0.834468
0.252876
0.219550
0.965697
0.352855
0.122684
0.094852
0.606433
0.468551
0.148167
0.441725
0.672903
0.817286
0.850398
0.912320
0.062471
0.644704
0.178228
0.101901
0.163793
0.762261
0.266335
0.400006
0.927885
0.457778
0.327860
0.437300
0.152623
0.767693
0.463027
0.784448
0.011322
0.016511
0.665365
0.059175
0.356273
0.030671
0.805994
0.097873
0.829402
0.931791
0.877926
0.347606
0.310526
0.916593
0.281442
0.135411
0.735038
0.929624
0.431562
0.970733
0.811548
0.634449
0.469100
0.537034
0.671682
0.589892
0.356487
0.529496
0.982299
0.038026
0.139622
0.994507
0.552141
0.209296
0.657064
0.327128
0.963897
0.551653
0.477462
0.583575
0.262551
0.789758
0.347087
0.263649
0.232124
0.220618
0.928312
0.220893
0.291147
0.151616
0.109928
0.855403
0.538743
0.887478
0.671896
0.246193
0.982269
0.172094
0.583666
0.379559
0.477828
0.492325
0.719687
0.129032
0.415174
0.148350
0.271218
0.143742
0.677419
0.498978
0.637379
0.301157
0.908139
0.285958
0.075503
0.880551
0.615680
0.445509
0.892758
0.113315
0.147130
0.311960
0.459731
0.266884
0.062380
0.620228
0.828089
0.917386
0.939909
0.213446
0.232307
0.568773
0.145390
0.862178
0.258034
0.273293
0.594745
0.100558
0.957274
0.410688
0.042024
0.487167
0.692251
0.281228
0.924528
0.194983
0.989196
0.670186
0.295358
0.338542
0.182836
0.038545
0.875515
0.943083
0.133488
0.497421
0.755821
0.962828
0.797327
0.221747
0.781243
0.254189
0.931608
0.459639
0.147343
0.910520
0.715995
0.793756
0.241554
0.864040
0.570940
0.810755
0.259133
0.161992
0.954802
0.835566
0.626484
0.822840
0.420392
0.885800
0.761742
0.678274
0.712943
0.503616
0.204962
0.108676
0.190069
0.620533
0.648549
0.076632
0.345408
0.111728
0.899045
0.365886
0.716849
0.196020
0.302286
0.431562
0.960875
0.338023
0.662496
0.768059
0.374218
0.808069
0.186438
0.200476
0.644032
0.557085
0.484909
0.006561
0.107608
0.561724
0.161443
0.274514
0.303537
0.296854
0.020569
0.403760
0.094577
0.490921
0.426344
0.154302
0.144536
0.820917
0.842402
0.151280
0.029756
0.702963
0.085055
0.250771
0.766411
0.835139
0.320627
0.673269
0.035249
0.648030
0.337809
0.310831
0.885189
0.320109
0.127018
0.114628
0.195685
0.513718
0.297525
0.968383
0.681478
0.487899
0.363628
0.954558
0.718314
0.744591
0.431318
0.419721
0.773095
0.864193
0.316630
0.744469
0.718253
0.686728
0.626759
0.224799
0.812525
0.495285
0.835414
0.971496
0.628590
0.357189
0.883450
0.232582
0.709738
0.280160
0.336283
0.046693
0.235633
0.338633
0.629200
0.632099
0.479812
0.427503
0.431562
0.418500
0.338908
0.798761
0.661702
0.127995
0.715629
0.037690
0.183325
0.810663
0.036439
0.634877
0.714774
0.241615
0.685385
0.809900
0.982452
0.585803
0.634907
0.743492
0.649709
0.736473
0.055422
0.874020
0.052339
0.233680
0.184668
0.414716
0.271920
0.169256
0.237831
0.747826
0.578173
0.984344
0.640156
0.851924
0.772057
0.565508
0.363018
0.418867
0.460280
0.546434
0.644734
0.816248
0.792657
0.220374
0.877468
0.551714
0.693625
0.970641
0.941130
0.395978
0.119327
0.624500
0.766320
0.819697
0.371227
0.637715
0.406384
0.901364
0.997436
0.514725
0.401105
0.362102
0.313425
0.371990
0.712180
0.883847
0.073153
0.049867
0.012391
0.366344
0.321604
0.679556
0.609790
0.280801
0.960295
0.111545
0.787408
0.774682
0.057039
0.111484
0.840510
0.685018
0.431196
0.729942
0.592578
0.116398
0.545061
0.752220
0.670522
0.739189
0.233680
0.634541
0.321451
0.465011
0.303659
0.832759
0.051271
0.655446
0.532090
0.929991
0.867183
0.519974
0.097568
0.469069
0.404523
0.859920
0.973754
0.896817
0.720145
0.813959
0.317179
0.525254
0.032502
0.762261
0.380474
0.917264
0.190710
0.044740
0.982330
0.601825
0.153111
0.650197
0.064943
0.525987
0.256905
0.532334
0.371319
0.149052
0.560076
0.709006
0.772118
0.585955
0.036897
0.800958
0.274789
0.705283
0.908078
0.166082
0.245430
0.589099
0.886868
0.286050
0.874599
0.260018
0.622822
0.560533
0.418592
0.082217
0.123508
0.166417
0.247688
0.742485
0.436445
0.137516
0.231697
0.217658
0.371776
0.321146
0.495193
0.634632
0.547411
0.368023
0.072726
0.429151
0.537492
0.411603
0.496048
0.709677
0.405805
0.593188
0.843928
0.232612
0.405011
0.088656
0.286172
0.895169
0.123417
0.793970
0.653218
0.151830
0.859951
0.324503
0.062136
0.261299
0.509018
0.485611
0.130650
0.769372
0.736625
0.869808
0.810297
0.134434
0.728355
0.737205
0.369793
0.902249
0.291055
0.835658
0.560472
0.335063
0.589404
0.316172
0.494064
0.902799
0.298257
0.400739
0.265053
0.541215
0.452528
0.957915
0.848262
0.084323
0.775231
0.643208
0.302835
0.776757
0.765648
0.760125
0.814814
0.272164
0.328257
0.497818
0.607868
0.024720
0.224219
0.702567
0.255318
0.479080
0.125950
0.837947
0.423322
0.965484
0.556780
0.291421
0.576983
0.706290
0.496567
0.682485
0.680685
0.840052
0.934629
0.328959
0.423841
0.869289
0.150884
0.528092
0.003265
0.438459
0.007263
0.807978
0.993347
0.848384
0.029725
0.806116
0.335398
0.212928
0.562670
0.931303
0.977630
0.664785
0.776818
0.464583
0.196234
0.516190
0.812067
0.256417
0.130009
0.781121
0.836085
0.675344
0.558641
0.964812
0.300333
0.965026
0.456435
0.527360
0.174627
0.665914
0.353099
0.927335
0.441267
0.257332
0.031739
0.651570
0.630390
0.676748
0.596698
0.137761
0.677480
0.871944
0.441206
0.995727
0.884487
0.043031
0.146977
0.433729
0.265633
0.730033
0.846797
0.296365
0.059206
0.402020
0.080782
0.619739
0.686758
0.705161
0.678701
0.110569
0.940550
0.024659
0.698294
0.455519
0.681143
0.517655
0.951811
0.866573
0.825739
0.272988
0.151769
0.769250
0.908750
0.754173
0.206854
0.039552
0.996124
0.181921
0.699667
0.695914
0.234169
0.012238
0.077090
0.452589
0.814692
0.166478
0.585314
0.040529
0.636982
0.169744
0.479537
0.702231
0.448744
0.853664
0.541002
0.766442
0.746635
0.779595
0.431440
0.709403
0.217566
0.039460
0.916868
0.608570
0.002808
0.589038
0.491653
0.395123
0.565050
0.771142
0.434553
0.811762
0.440596
0.184362
0.827113
0.481399
0.657430
0.553941
0.566576
0.994018
0.100528
0.760460
0.904141
0.416791
0.605823
0.683370
0.539750
0.134739
0.063753
0.015076
0.804926
0.427412
0.313974
0.702017
0.964446
0.688192
0.112278
0.168737
0.168859
0.692618
0.950957
0.981811
0.088290
0.821528
0.014039
0.108982
0.759148
0.645741
0.048585
0.430830
0.675192
0.778222
0.433119
0.660054
0.653859
0.400006
0.224464
0.325571
0.509171
0.366344
0.464827
0.977294
0.062654
0.299142
0.529283
0.267678
0.523331
0.571856
0.795984
0.066774
0.768059
0.593341
0.419630
0.266305
0.553667
0.296762
0.489883
0.429884
0.191809
0.239814
0.355663
0.944914
0.718101
0.222541
0.396680
0.832698
0.086428
0.828883
0.023713
0.873318
0.420270
0.798425
0.188360
0.200629
0.851466
0.634449
0.183996
0.024842
0.978515
0.354503
0.018952
0.637898
0.474990
0.789941
0.143223
0.358318
0.879757
0.340251
0.809809
0.572100
0.099979
0.589099
0.852260
0.525040
0.658376
0.687613
0.159459
0.023743
0.215735
0.911710
0.628773
0.700827
0.400189
0.299356
0.879147
0.000763
0.474258
0.774346
0.504959
0.543046
0.871242
0.662404
0.152623
0.018036
0.131687
0.006287
0.200110
0.272744
0.271859
0.586047
0.321665
0.741935
0.114719
0.050203
0.718345
0.881527
0.615436
0.065188
0.295907
0.759819
0.711966
0.887906
0.571184
0.463637
0.732383
0.268807
0.588153
0.474685
0.890316
0.091159
0.625233
0.673147
0.899045
0.652974
0.974548
0.124485
0.236518
0.997589
0.574938
0.305673
0.091586
0.199377
0.779687
0.926939
0.523423
0.011139
0.040101
0.005707
0.864925
0.778466
0.786737
0.348766
0.901486
0.028291
0.288614
0.098514
0.856594
0.637684
0.772729
0.500473
0.715079
0.988525
0.584094
0.547166
0.915677
0.014954
0.668538
0.655721
0.943968
0.550096
0.158513
0.034516
0.856746
0.876858
0.344157
0.895901
0.269662
0.891079
0.809961
0.170415
0.838710
0.781701
0.018891
0.879727
0.767022
0.634877
0.125126
0.823542
0.368694
0.868160
0.296335
0.737632
0.220252
0.901151
0.327097
0.578509
0.931150
0.968383
0.824702
0.091433
0.064791
0.481521
0.748039
0.317972
0.241401
0.846187
0.581866
0.198889
0.953337
0.140416
0.926603
0.929533
0.124882
0.560533
0.785638
0.222968
0.947447
0.040834
0.330943
0.137852
0.020966
0.953642
0.428785
0.626789
0.333872
0.295114
0.706107
0.461715
0.111667
0.264351
0.439344
0.692679
0.066073
0.640706
0.046754
0.295846
0.075869
0.866451
0.465590
0.167180
0.830500
0.240883
0.194952
0.118259
0.467940
0.131779
0.286355
0.030213
0.737938
0.610767
0.062532
0.822108
0.721824
0.418775
0.846126
0.389843
0.640187
0.667837
0.479110
0.172582
0.779870
0.185430
0.915098
0.501663
0.071139
0.907804
0.664418
0.389325
0.346751
0.227912
0.374554
0.913358
0.813501
0.705435
0.326182
0.853114
0.768426
0.043580
0.126804
0.734306
0.089908
0.740379
0.382702
0.937956
0.535936
0.319437
0.630543
0.030030
0.379559
0.547746
0.310434
0.968291
0.414380
0.545305
0.060762
0.341838
0.859493
0.194128
0.116825
0.300821
0.196814
0.752129
0.094119
0.331187
0.470992
0.078219
0.937773
0.531724
0.083224
0.375286
0.318979
0.549303
0.611072
0.856655
0.260384
0.828486
0.684256
0.242866
0.270669
0.331767
0.448836
0.494766
0.770684
0.387066
0.650288
0.688955
0.091464
0.818018
0.866909
0.442396
0.826106
0.013947
0.925230
0.791864
0.815973
0.095706
0.027772
0.934721
0.553331
0.833094
0.625538
0.737449
0.281045
0.470595
0.565294
0.417859
0.570849
0.117924
0.544023
0.307413
0.661214
0.860714
0.400952
0.099857
0.336589
0.248543
0.278787
0.492569
0.628529
0.316080
0.185430
0.626453
0.120609
0.793603
0.987213
0.231117
0.137974
0.663289
0.365001
0.881588
0.602863
0.717399
0.764672
0.271920
0.837519
0.274789
0.872738
0.913511
0.095584
0.711814
0.648640
0.162725
0.103214
0.963775
0.445112
0.985473
0.391247
0.653554
0.247475
0.363659
0.699545
0.003357
0.563402
0.751396
0.234993
0.185919
0.994415
0.485244
0.064302
0.271371
0.019990
0.556749
0.422498
0.426099
0.026307
0.651814
0.219031
0.519761
0.109806
0.864345
0.522324
0.796930
0.687826
0.989807
0.303964
0.769127
0.446821
0.805048
0.223945
0.984161
0.660054
0.240944
0.738334
0.828303
0.405316
0.853603
0.310129
0.018311
0.714591
0.500717
0.005341
0.938871
0.186346
0.629444
0.254677
0.481918
0.092318
0.081454
0.062593
0.544603
0.509232
0.822352
0.445112
0.841273
0.507523
0.500656
0.376965
0.186193
0.927824
0.243416
0.030274
0.903684
0.776543
0.594378
0.584979
0.520646
0.771966
0.000702
0.393109
0.399426
0.071841
0.755364
0.777795
0.465712
0.713981
0.800073
0.248085
0.688803
0.800867
0.296457
0.411420
0.469680
0.959899
0.370800
0.364116
0.594104
0.109928
0.938810
0.842036
0.905728
0.066042
0.016724
0.912046
0.356700
0.013184
0.425184
0.485855
0.591388
0.380413
0.291635
0.437300
0.719138
0.146489
0.258187
0.604450
0.433302
0.108890
0.800348
0.457686
0.131932
0.146275
0.563677
0.714988
0.196631
0.006928
0.124210
0.685904
0.085940
0.653493
0.078860
0.625141
0.399518
0.695791
0.872219
0.877255
0.569079
0.942564
0.265816
0.093478
0.332743
0.603931
0.856502
0.302316
0.648579
0.175146
0.549486
0.114566
0.204138
0.533525
0.393170
0.844630
0.177801
0.279244
0.681173
0.828974
0.408277
0.851802
0.728324
0.723167
0.628590
0.452925
0.226783
0.058596
0.920835
0.307443
0.588488
0.840266
0.047884
0.293344
0.180029
0.466811
0.818201
0.472030
0.856594
0.754082
0.140141
0.550584
0.700797
0.343486
0.922056
0.806452
0.372784
0.276315
0.474136
0.506607
0.978332
0.015320
0.568773
0.352123
0.860134
0.694937
0.815027
0.979156
0.219672
0.880917
0.504074
0.047792
0.975311
0.621601
0.581439
0.950591
0.762780
0.070803
0.902524
0.670583
0.484634
0.464644
0.427503
0.821894
0.314859
0.732902
0.512040
0.402478
0.564623
0.526505
0.949828
0.291513
0.315714
0.942351
0.923429
0.021882
0.227851
0.726402
0.519517
0.859371
0.425947
0.236854
0.964904
0.719840
0.873806
0.948119
0.239326
0.955535
0.140263
0.776910
0.221656
0.541581
0.964476
0.012421
0.025513
0.694388
0.525773
0.130650
0.680441
0.452803
0.825343
0.275063
0.815119
0.253365
0.085177
0.684408
0.498886
0.031159
0.571062
0.849116
0.897610
0.877041
0.745293
0.677511
0.900266
0.782769
0.156224
0.452773
0.372356
0.505692
0.970000
0.862636
0.192877
0.083285
0.551225
0.882046
0.730369
0.029633
0.998779
0.790979
0.914792
0.744713
0.042879
0.108188
0.561419
0.167791
0.209845
0.722251
0.102969
0.206458
0.660451
0.000793
0.386059
0.971831
0.608600
0.160039
0.688284
0.352062
0.726188
0.674978
0.612659
0.954863
0.440657
0.011841
0.014679
0.950316
0.531266
0.464309
0.619434
0.845485
0.930418
0.374157
0.483871
0.721824
0.136448
0.518357
0.961516
0.966704
0.144017
0.942869
0.324870
0.030396
0.298044
0.025452
0.702872
0.239723
0.978027
0.048067
0.488449
0.199438
0.518479
0.060244
0.873501
0.813013
0.272256
0.314615
0.666768
0.453383
0.222205
0.056368
0.051302
0.315989
0.048433
0.946989
0.437757
0.483993
0.056490
0.904202
0.069246
0.738182
0.873348
0.639424
0.534898
0.641896
0.317118
0.673330
0.847316
0.932920
0.346965
0.111362
0.241401
0.752953
0.499191
0.960387
0.349498
0.746391
0.715995
0.267312
0.910123
0.559587
0.973022
0.861660
0.665975
0.771477
0.611957
0.982238
0.607776
0.787347
0.784692
0.570635
0.219947
0.726615
0.914609
0.511399
0.884640
0.836116
0.582141
0.600879
0.099918
0.459822
0.740104
0.525895
0.669088
0.096713
0.665609
0.633442
0.516495
0.577532
0.554338
0.772546
0.286966
0.892178
0.163671
0.989715
0.384472
0.698508
0.411206
0.359111
0.606403
0.044160
0.333964
0.728904
0.030000
0.332652
0.315928
0.664541
0.306986
0.064455
0.988861
0.370891
0.022431
0.385174
0.713340
0.873989
0.274636
0.971313
0.046297
0.243721
0.131504
0.285195
0.100986
0.139073
0.120853
0.730735
0.205695
0.456404
0.409284
0.739891
0.767724
0.363018
0.827479
0.323130
0.748558
0.496384
0.397137
0.113193
0.656697
0.610767
0.516068
0.434645
0.464278
0.452345
0.457930
0.429914
0.353801
0.144108
0.342479
0.773370
0.701102
0.861843
0.232948
0.004395
0.200964
0.082034
0.516465
0.010987
0.541643
0.183905
0.223975
0.694754
0.534288
0.685598
0.446059
0.349101
0.103824
0.896786
0.500290
0.781396
0.047426
0.268288
0.007202
0.710562
0.966704
0.220466
0.530625
0.471206
0.279946
0.731132
0.938353
0.555956
0.721061
0.464522
0.140355
0.026399
0.230445
0.722770
0.359813
0.325053
0.645375
0.000549
0.593524
0.518357
0.094913
0.424757
0.418409
0.503098
0.506546
0.860012
0.799677
0.206580
0.130039
0.961608
0.057039
0.312326
0.485549
0.956786
0.646016
0.542558
0.641438
0.435957
0.909116
0.028230
0.228492
0.934874
0.454573
0.798730
0.096927
0.588855
0.318094
0.921201
0.022034
0.640980
0.564013
0.322336
0.364940
0.084628
0.482131
0.822565
0.094577
0.222266
0.036714
0.414411
0.077578
0.421400
0.723441
0.316416
0.041627
0.849025
0.490921
0.833613
0.119114
0.465987
0.882992
0.555742
0.376965
0.062136
0.057649
0.925077
0.239143
0.614124
0.839869
0.703909
0.208045
0.746025
0.462844
0.374462
0.790857
0.575640
0.155980
0.001038
0.037172
0.726005
0.234169
0.586779
0.594440
0.784661
0.845485
0.455489
0.686972
0.991211
0.033326
0.690329
0.925230
0.434645
0.269326
0.160161
0.351268
0.541978
0.112949
0.165471
0.627033
0.138646
0.154790
0.234046
0.770989
0.862850
0.898679
0.098819
0.350444
0.214423
0.740013
0.388409
0.534745
0.019868
0.695975
0.061800
0.916166
0.594592
0.043550
0.118442
0.504746
0.383496
0.522538
0.614887
0.803095
0.361766
0.258858
0.519517
0.367504
0.976135
0.065065
0.436232
0.761803
0.908811
0.273873
0.728629
0.309732
0.444777
0.761345
0.075716
0.552782
0.723899
0.315531
0.990783
0.818995
0.658834
0.007294
0.333903
0.809626
0.800623
0.719260
0.350475
0.609485
0.932493
0.489029
0.265786
0.027406
0.673360
0.823511
0.968017
0.672994
0.872677
0.639790
0.809839
0.675954
0.077151
0.989410
0.060915
0.454421
0.851497
0.222053
0.041780
0.438093
0.233161
0.745109
0.470473
0.152806
0.104007
0.034639
0.053682
0.572924
0.758507
0.055422
0.852962
0.146947
0.450850
0.744591
0.457686
0.404096
0.201666
0.716453
0.496078
0.546251
0.645863
0.844203
0.515000
0.933226
0.202582
0.874813
0.760521
0.866451
0.348796
0.733238
0.889798
0.577960
0.277657
0.672506
0.146123
0.830470
0.722892
0.925748
0.028016
0.035371
0.230201
0.016236
0.983581
0.294168
0.657643
0.382214
0.161565
0.270302
0.185278
0.472060
0.750511
0.297128
0.616321
0.966674
0.936827
0.628559
0.250099
0.284829
0.013153
0.238411
0.108829
0.028413
0.668813
0.075106
0.799066
0.522782
0.992615
0.177343
0.789148
0.109439
0.220099
0.557604
0.383892
0.346995
0.756249
0.259346
0.178014
0.776208
0.504593
0.494461
0.268929
0.406079
0.034242
0.266671
0.010834
0.576708
0.616474
0.388134
0.591113
0.355480
0.660909
0.294198
0.209967
0.122562
0.584185
0.563646
0.145207
0.502243
0.640950
0.550157
0.482681
0.296030
0.749260
0.031434
0.794092
0.574358
0.841151
0.282022
0.543565
0.582049
0.770196
0.476180
0.503647
0.615375
0.306558
0.827235
0.962462
0.525224
0.251503
0.369518
0.003143
0.003967
0.202033
0.788934
0.636860
0.311808
0.997497
0.208777
0.070315
0.598437
0.378582
0.336833
0.889706
0.476974
0.891140
0.880032
0.441481
0.006104
0.564684
0.632923
0.191992
0.736564
0.398114
0.146367
0.346721
0.978179
0.182897
0.382336
0.510483
0.944243
0.695700
0.261361
0.670095
0.928831
0.791131
0.509018
0.280313
0.173528
0.426496
0.707114
0.734764
0.580157
0.149052
0.956572
0.002625
0.924955
0.077578
0.057619
0.713004
0.731468
0.909543
0.614063
0.467299
0.457686
0.984283
0.967254
0.661672
0.153813
0.934996
0.366802
0.600513
0.247108
0.959014
0.283670
0.182012
0.609729
0.238929
0.272011
0.937498
0.566424
0.545366
0.286355
0.705161
0.997467
0.552263
0.859798
0.720176
0.193854
0.896847
0.049898
0.401898
0.620716
0.514573
0.558702
0.619709
0.244758
0.280892
0.932188
0.718253
0.583087
0.490829
0.246712
0.084262
0.128391
0.207739
0.187628
0.535264
0.307718
0.012513
0.926878
0.311747
0.630299
0.184332
0.705618
0.954436
0.181616
0.844264
0.528184
0.847224
0.118992
0.093173
0.873714
0.707633
0.325449
0.675008
0.831324
0.805719
0.878262
0.196387
0.565813
0.192511
0.487838
0.434614
0.519364
0.719901
0.563982
0.764397
0.255715
0.132420
0.064974
0.235176
0.353679
0.012696
0.786370
0.330027
0.255135
0.861751
0.245247
0.937468
0.474715
0.094943
0.816797
0.567309
0.077059
0.235908
0.278603
0.342235
0.827692
0.088076
0.419965
0.795495
0.924100
0.166723
0.871273
0.006836
0.713309
0.171667
0.810907
0.107700
0.301706
0.782311
0.705039
0.686422
0.463851
0.556230
0.736961
0.125217
0.756462
0.212470
0.082064
0.400403
0.243568
0.080844
0.684927
0.376080
0.739372
0.998718
0.694266
0.123936
0.974792
0.435804
0.212867
0.299081
0.594165
0.129398
0.517777
0.104221
0.388409
0.010102
0.407483
0.872738
0.670492
0.700034
0.832636
0.802057
0.199957
0.364452
0.465773
0.869076
0.562365
0.198279
0.367199
0.457991
0.410169
0.328593
0.402326
0.732658
0.471206
0.414197
0.567766
0.284005
0.730888
0.724113
0.881314
0.084445
0.694418
0.975341
0.993072
0.279794
0.135685
0.712088
0.173315
0.850703
0.238350
0.506943
0.833705
0.674123
0.535905
0.765740
0.237678
0.016785
0.556871
0.417096
0.556871
0.991333
0.581225
0.268044
0.929289
0.006378
0.414441
0.306894
0.675741
0.742668
0.585467
0.734489
0.330729
0.684988
0.874508
0.005524
0.644032
0.742729
0.577471
0.660604
0.209235
0.989105
0.412732
0.230567
0.875546
0.050905
0.476821
0.994690
0.598804
0.180059
0.155278
0.873043
0.888699
0.537736
0.394635
0.235450
0.507187
0.722922
0.242134
0.907468
0.576037
0.076235
0.059297
0.154698
0.747917
0.790399
0.315348
0.927305
0.598865
0.358531
0.367321
0.144993
0.897336
0.391736
0.132328
0.304819
0.906583
0.336985
0.059084
0.192175
0.376568
0.126621
0.304117
0.976501
0.381390
0.290811
0.519639
0.473220
0.658803
0.564165
0.158666
0.852901
0.607776
0.517472
0.704398
0.578784
0.600909
0.246620
0.729148
0.854152
0.766991
0.648915
0.190069
0.360790
0.900906
0.318583
0.867183
0.569781
0.656606
0.593097
0.350322
0.405347
0.679617
0.780602
0.481185
0.544145
0.835108
0.100467
0.656636
0.130009
0.187994
0.368206
0.899625
0.186407
0.891354
0.955260
0.103977
0.506882
0.638966
0.055879
0.359233
0.305795
0.839076
0.791833
0.761773
0.409833
0.164525
0.185919
0.618458
0.271706
0.636586
0.536302
0.449416
0.587542
0.897824
0.222236
0.695517
0.798883
0.831080
0.472762
0.537339
0.260811
0.180029
0.129429
0.731834
0.357463
0.328288
0.934751
0.872616
0.345561
0.892605
0.376598
0.980346
0.208350
0.287057
0.621570
0.829737
0.300180
0.914090
0.566271
0.918638
0.063265
0.138737
0.539903
0.486465
0.598376
0.702322
0.688223
0.487350
0.369823
0.731864
0.570055
0.924680
0.826777
0.001343
0.998566
0.453413
0.221747
0.601520
0.657338
0.655965
0.407544
0.673574
0.523515
0.898343
0.894101
0.364086
0.628559
0.172491
0.946135
0.656636
0.188330
0.831446
0.003265
0.236579
0.633442
0.622883
0.203742
0.045503
0.571276
0.928282
0.292398
0.681265
0.210944
0.612842
0.695334
0.299692
0.282388
0.393689
0.041231
0.175146
0.980743
0.131046
0.911863
0.574908
0.967528
0.950377
0.101474
0.104587
0.959593
0.599933
0.168188
0.180456
0.937223
0.951842
0.556841
0.784814
0.502701
0.051271
0.075747
0.161046
0.420515
0.621021
0.008271
0.604297
0.870296
0.427290
0.640126
0.003937
0.444075
0.413251
0.484176
0.294504
0.418836
0.006195
0.983673
0.470870
0.335826
0.504837
0.975341
0.324290
0.417554
0.953063
0.693228
0.555193
0.854091
0.406049
0.595264
0.419446
0.489700
0.995544
0.792810
0.563860
0.941282
0.699667
0.365337
0.207312
0.679220
0.224677
0.341136
0.324351
0.103000
0.904019
0.624989
0.986267
0.141820
0.020814
0.654530
0.517014
0.411908
0.461440
0.066622
0.620045
0.461715
0.104190
0.154271
0.131657
0.136479
0.851588
0.396130
0.557756
0.592792
0.710746
0.839442
0.049989
0.995117
0.829463
0.617756
0.977905
0.425031
0.893002
0.384564
0.752403
0.034822
0.788965
0.944395
0.058168
0.976135
0.945769
0.862209
0.150029
0.135411
0.251076
0.332682
0.370067
0.207587
0.956938
0.090640
0.541917
0.138188
0.477096
0.643300
0.398144
0.466445
0.483322
0.606586
0.696921
0.599811
0.206946
0.425886
0.184729
0.551378
0.351360
0.262764
0.060732
0.171422
0.522538
0.329356
0.099460
0.404340
0.582934
0.450636
0.087985
0.602374
0.835902
0.137028
0.733787
0.426893
0.446089
0.947905
0.699332
0.369182
0.002564
0.426862
0.920408
0.421491
0.630909
0.391369
0.863277
0.929533
0.559923
0.856410
0.877956
0.158086
0.550279
0.374493
0.303323
0.600909
0.090243
0.073092
0.480453
0.565477
0.765618
0.170080
0.330180
0.064882
0.709311
0.249458
0.651814
0.547563
0.537675
0.077822
0.798456
0.495773
0.679281
0.243141
0.885495
0.424970
0.502335
0.397137
0.188879
0.314493
0.147404
0.382183
0.888821
0.001282
0.471419
0.024659
0.815424
0.567705
0.009033
0.875088
0.352702
0.254616
0.358318
0.677053
0.157048
0.931486
0.895962
0.845943
0.846156
0.653859
0.229041
0.738487
0.315104
0.340403
0.289651
0.994781
0.835658
0.100131
0.477767
0.733512
0.594958
0.241340
0.759728
0.882443
0.829920
0.493301
0.127689
0.424421
0.213416
0.472396
0.326945
0.840999
0.649159
0.923246
0.256813
0.534288
0.130436
0.766808
0.951781
0.508774
0.819941
0.486251
0.548784
0.094211
0.006348
0.881893
0.147404
0.990509
0.094394
0.726585
0.968596
0.416334
0.283883
0.352855
0.718345
0.642506
0.094974
0.702780
0.563311
0.691244
0.395062
0.871914
0.623310
0.482833
0.083865
0.678976
0.388073
0.210730
0.093295
0.291818
0.963897
0.226478
0.857601
0.441481
0.556658
0.215522
0.910611
0.255196
0.097537
0.945494
0.766442
0.240089
0.417371
0.367748
0.739311
0.448164
0.876095
0.354045
0.859127
0.354503
0.853725
0.848781
0.539262
0.479354
0.008759
0.718802
0.152226
0.285714
0.710379
0.081729
0.169958
0.383709
0.550737
0.393872
0.024781
0.572497
0.343760
0.079257
0.347362
0.751640
0.516282
0.981079
0.737785
0.232673
0.298013
0.416150
0.726066
0.482528
0.616962
0.114994
0.078616
0.829646
0.105594
0.826991
0.106265
0.164098
0.125095
0.873379
0.130833
0.163701
0.213172
0.428694
0.765923
0.075961
0.861995
0.811945
0.168462
0.588580
0.032411
0.568468
0.917508
0.818659
0.311045
0.624775
0.675619
0.952635
0.115665
0.296152
0.290353
0.567583
0.856288
0.429487
0.491012
0.165471
0.456893
0.462020
0.837550
0.951872
0.145451
0.677236
0.077548
0.389294
0.917295
0.439405
0.567919
0.558245
0.578509
0.687948
0.916807
0.855159
0.776177
0.472457
0.503067
0.060030
0.920591
0.810511
0.028474
0.304514
0.406720
0.648579
0.759575
0.971099
0.040529
0.207892
0.615131
0.055696
0.076785
0.496323
0.755760
0.024415
0.774194
0.267342
0.831507
0.695181
0.874660
0.207831
0.543962
0.176489
0.912503
0.635426
0.679189
0.393963
0.759819
0.486770
0.267403
0.235847
0.314859
0.878323
0.026093
0.849116
0.738762
0.020569
0.742332
0.117130
0.147557
0.766930
0.750999
0.850124
0.165716
0.578570
0.164892
0.719993
0.246864
0.186926
0.013031
0.470260
0.168554
0.734275
0.943388
0.432905
0.607318
0.674184
0.646352
0.882992
0.199438
0.213202
0.655110
0.262276
0.995148
0.574572
0.679434
0.803491
0.710685
0.865535
0.128513
0.586047
0.686392
0.829432
0.979919
0.554857
0.955412
0.263710
0.650136
0.532914
0.330332
0.385479
0.023743
0.759697
0.913541
0.925169
0.296640
0.985992
0.937681
0.230201
0.790155
0.656484
0.342387
0.159825
0.392010
0.211829
0.993835
0.051820
0.780755
0.040864
0.952605
0.543046
0.089297
0.114414
0.697256
0.524552
0.164373
0.832240
0.708762
0.012909
0.077914
0.113804
0.322672
0.218665
0.046510
0.264931
0.255257
0.593249
0.415540
0.650349
0.709433
0.135777
0.863796
0.704886
0.467177
0.740989
0.485153
0.313334
0.874691
0.868954
0.903531
0.090854
0.125889
0.318979
0.077059
0.595050
0.751701
0.387707
0.948302
0.000824
0.719962
0.193609
0.595996
0.269631
0.053255
0.448469
0.045473
0.343608
0.370800
0.457533
0.393078
0.397015
0.259774
0.629475
0.401715
0.674978
0.883663
0.277169
0.222877
0.951750
0.732658
0.991028
0.402478
0.139195
0.923215
0.365459
0.825465
0.076998
0.952574
0.360576
0.756645
0.035585
0.314432
0.079501
0.633320
0.963469
0.882717
0.243110
0.765954
0.009644
0.468368
0.143284
0.603565
0.353130
0.457137
0.355998
0.719565
0.869686
0.932890
0.995239
0.174810
0.668325
0.193976
0.789331
0.413617
0.027985
0.068392
0.760857
0.349345
0.765648
0.933805
0.791040
0.795740
0.567583
0.848933
0.850520
0.900052
0.314676
0.702811
0.177038
0.734581
0.933256
0.787500
0.181982
0.702445
0.802149
0.701132
0.366405
0.914304
0.248238
0.987152
0.028199
0.191717
0.160588
0.416120
0.041536
0.854183
0.255470
0.316630
0.489792
0.944914
0.022492
0.860775
0.433241
0.053102
0.884121
0.711356
0.592792
0.387677
0.598956
0.936705
0.230964
0.259163
0.440779
0.598895
0.011383
0.626514
0.183782
0.922666
0.117985
0.864040
0.426130
0.449995
0.415418
0.405744
0.282327
0.087802
0.931455
0.422620
0.976226
0.454237
0.443129
0.189520
0.365398
0.429945
0.447584
0.297617
0.928831
0.320872
0.298807
0.368877
0.248146
0.538682
0.791894
0.428907
0.514908
0.204596
0.975463
0.593799
0.093966
0.583911
0.474258
0.228248
0.675130
0.756310
0.102390
0.230171
0.043519
0.429029
0.049135
0.598712
0.000977
0.298868
0.417982
0.941832
0.468459
0.869137
0.400708
0.079226
0.301553
0.127964
0.867244
0.397656
0.850398
0.994415
0.652974
0.114109
0.794610
0.937895
0.324442
0.103580
0.284951
0.678304
0.704978
0.447615
0.923154
0.372112
0.941008
0.359569
0.610431
0.190954
0.390973
0.643452
0.796869
0.699393
0.117740
0.341716
0.161931
0.937376
0.265511
0.729301
0.258400
0.614338
0.102969
0.309183
0.150090
0.320658
0.013672
0.966399
0.574969
0.163182
0.214881
0.936369
0.665120
0.730461
0.486190
0.744041
0.754448
0.794733
0.689230
0.769829
0.305582
0.656117
0.359508
0.599017
0.487075
0.535936
0.152013
0.810327
0.432447
0.924955
0.421186
0.360332
0.711783
0.292856
0.717277
0.219916
0.047853
0.065584
0.479781
0.418622
0.807459
0.276284
0.709464
0.153905
0.299173
0.796319
0.900174
0.120640
0.409497
0.552721
0.011383
0.717978
0.607715
0.638173
0.763634
0.288919
0.851253
0.719871
0.036653
0.050050
0.422773
0.653371
0.653096
0.866207
0.230201
0.707755
0.327494
0.527543
0.600604
0.308542
0.063173
0.684927
0.099704
0.704215
0.777215
0.099246
0.408063
0.463027
0.435408
0.361950
0.785058
0.205878
0.478072
0.742363
0.151830
0.482131
0.818384
0.317942
0.325083
0.193823
0.193823
0.044527
0.432051
0.475448
0.152867
0.921873
0.038575
0.434462
0.457350
0.911069
0.021424
0.660085
0.182104
0.760643
0.715659
0.905210
0.293374
0.396619
0.369030
0.848994
0.986724
0.033570
0.434034
0.345317
0.566088
0.662557
0.729209
0.064180
0.145085
0.071993
0.000671
0.931730
0.951872
0.058687
0.915555
0.275185
0.518479
0.983703
0.018006
0.079684
0.536760
0.330638
0.679739
0.262032
0.661031
0.422376
0.575488
0.368755
0.039399
0.951598
0.715476
0.603839
0.855129
0.482467
0.565752
0.593310
0.658467
0.579394
0.287362
0.791864
0.771416
0.718406
0.626331
0.938627
0.545366
0.638661
0.484878
0.467910
0.754021
0.289163
0.705863
0.281350
0.901944
0.027741
0.101169
0.787591
0.730674
0.228004
0.255562
0.615589
0.703116
0.950896
0.137089
0.908536
0.747887
0.836787
0.045595
0.603442
0.044527
0.874966
0.930052
0.603839
0.131108
0.205542
0.606525
0.250923
0.115238
0.611805
0.907834
0.000092
0.269875
0.857173
0.295694
0.708670
0.795282
0.525101
0.967620
0.440962
0.027955
0.516648
0.988617
0.197760
0.878445
0.862545
0.479873
0.475204
0.778558
0.005951
0.395367
0.060518
0.919858
0.212561
0.917264
0.970092
0.064302
0.263253
0.002106
0.936277
0.708609
0.086764
0.108463
0.349590
0.882778
0.487686
0.637379
0.062014
0.365490
0.626667
0.117161
0.957884
0.596179
0.408673
0.663503
0.698508
0.065645
0.435774
0.745994
0.547258
0.466872
0.680654
0.793023
0.680624
0.386181
0.536821
0.665273
0.891812
0.817377
0.402478
0.530107
0.093509
0.278787
0.453444
0.167119
0.525407
0.815546
0.762017
0.237007
0.073153
0.667501
0.417585
0.544267
0.605090
0.884701
0.805658
0.825404
0.732292
0.671255
0.701193
0.093875
0.899380
0.738884
0.332774
0.072726
0.211035
0.451613
0.073519
0.746605
0.901547
0.042817
0.915464
0.563799
0.852809
0.685446
0.383007
0.320414
0.067782
0.697348
0.042726
0.256966
0.505020
0.662465
0.264351
0.399518
0.180700
0.749290
0.390454
0.675771
0.944914
0.007935
0.970519
0.838252
0.837458
0.926847
0.215552
0.725089
0.430342
0.030457
0.329783
0.890011
0.062899
0.799554
0.875668
0.132725
0.375500
0.694449
0.827876
0.961119
0.048280
0.563616
0.473647
0.515854
0.151738
0.217811
0.814692
0.989807
0.014100
0.451918
0.627247
0.072207
0.013337
0.294748
0.836787
0.450026
0.198584
0.769311
0.363353
0.896725
0.148350
0.943297
0.093936
0.980468
0.971007
0.552599
0.137822
0.922727
0.854244
0.977905
0.021577
0.638295
0.069735
0.855953
0.979797
0.488510
0.838801
0.107273
0.997559
0.778253
0.965911
0.660756
0.761315
0.528703
0.645863
0.656941
0.174200
0.556444
0.351299
0.411023
0.591876
0.390637
0.206122
0.916868
0.435530
0.059236
0.751946
0.173345
0.337962
0.275735
0.512894
0.114170
0.479110
0.057283
0.266091
0.422315
0.267434
0.306009
0.422864
0.010743
0.023072
0.384289
0.427870
0.450301
0.819330
0.215369
0.581957
0.125950
0.138340
0.940947
0.195166
0.403027
0.498062
0.666097
0.475997
0.584277
0.705435
0.323893
0.063204
0.939390
0.893307
0.190130
0.606616
0.587878
0.996582
0.079684
0.302713
0.516800
0.824183
0.755760
0.791925
0.514420
0.382824
0.583483
0.323160
0.301279
0.609088
0.958678
0.592395
0.639607
0.165960
0.543199
0.161138
0.702628
0.460067
0.838527
0.861538
0.484817
0.535661
0.128147
0.093570
0.534532
0.002289
0.320475
0.421735
0.789911
0.651357
0.723289
0.376080
0.799860
0.918790
0.281350
0.865108
0.110721
0.849422
0.307779
0.106082
0.100589
0.719779
0.241188
0.479110
0.041780
0.975127
0.459151
0.211341
0.673299
0.637288
0.679708
0.297494
0.064028
0.839625
0.982055
0.563005
0.048860
0.644734
0.977508
0.275918
0.017365
0.802149
0.162175
0.213965
0.338084
0.601337
0.982604
0.592883
0.198340
0.476852
0.645314
0.762291
0.141514
0.521714
0.201941
0.075442
0.082827
0.564989
0.941038
0.839228
0.084811
0.970458
0.617573
0.749992
0.673788
0.811853
0.551775
0.722678
0.978759
0.581561
0.128208
0.518021
0.473617
0.088748
0.726676
0.075442
0.604419
0.703085
0.615650
0.956969
0.082186
0.600330
0.840419
0.808557
0.123478
0.166478
0.636036
0.245857
0.419233
0.216163
0.397259
0.069369
0.113224
0.181433
0.736381
0.216346
0.572069
0.928159
0.659902
0.355083
0.226722
0.355022
0.396008
0.528184
0.268288
0.432417
0.903348
0.750816
0.478011
0.836604
0.592853
0.970244
0.973510
0.836268
0.293741
0.293008
0.152226
0.587024
0.994903
0.886135
0.613666
0.490371
0.392560
0.457778
0.340831
0.773461
0.776605
0.725089
0.923215
0.945677
0.285195
0.773949
0.101688
0.288644
0.060335
0.717765
0.417280
0.035432
0.335002
0.561541
0.244240
0.395672
0.982788
0.676901
0.989624
0.082400
0.562212
0.795038
0.739708
0.497391
0.386151
0.923215
0.135166
0.230659
0.647877
0.091525
0.756127
0.030885
0.134953
0.336070
0.797784
0.902707
0.562609
0.824244
0.318705
0.487106
0.057039
0.529405
0.842647
0.381542
0.820734
0.360454
0.594775
0.555406
0.510300
0.152409
0.154302
0.517716
0.358928
0.425153
0.804102
0.392956
0.573809
0.315378
0.359020
0.561266
0.040345
0.589099
0.753899
0.019440
0.864437
0.140294
0.172521
0.118809
0.783471
0.882168
0.999115
0.836451
0.978179
0.436995
0.372784
0.235572
0.315867
0.531571
0.627522
0.272011
0.556536
0.503494
0.397443
0.602374
0.553301
0.825282
0.669912
0.550340
0.977966
0.052126
0.566637
0.887753
0.603534
0.100101
0.135136
0.586047
0.674276
0.260170
0.930631
0.194861
0.395245
0.855220
0.670492
0.003815
0.071963
0.945647
0.742363
0.643666
0.931974
0.990204
0.846614
0.283120
0.158818
0.868038
0.555254
0.077822
0.170904
0.168432
0.067782
0.027375
0.675069
0.154241
0.945830
0.896847
0.527024
0.305460
0.107150
0.358837
0.929930
0.849208
0.861263
0.012909
0.001679
0.182073
0.266671
0.437819
0.243019
0.591693
0.592151
0.933256
0.936857
0.182806
0.162420
0.107486
0.010743
0.415235
0.370128
0.966826
0.393689
0.159032
0.134770
0.663228
0.397748
0.673696
0.590533
0.556566
0.156804
0.417341
0.283456
0.747276
0.653127
0.092196
0.660054
0.736320
0.362835
0.832820
0.127750
0.368114
0.052065
0.942869
0.469344
0.712943
0.754601
0.087252
0.891690
0.045137
0.462233
0.345531
0.490799
0.573260
0.559771
0.032624
0.414075
0.078219
0.534959
0.693747
0.501053
0.116184
0.995087
0.179113
0.683859
0.942015
0.521867
0.205237
0.928800
0.809626
0.394940
0.308512
0.000092
0.805689
0.716208
0.597919
0.827296
0.872646
0.965514
0.212561
0.757225
0.177435
0.519303
0.890652
0.472121
0.482406
0.163518
0.556108
0.855129
0.673971
0.131809
0.328898
0.583850
0.106235
0.700308
0.865505
0.734336
0.914975
0.870357
0.435621
0.175512
0.958708
0.170507
0.641743
0.036256
0.542802
0.108707
0.187078
0.025605
0.583483
0.306192
0.598987
0.888211
0.366894
0.844356
0.313486
0.775353
0.560656
0.855617
0.027497
0.813623
0.633320
0.889828
0.724906
0.651662
0.338481
0.087130
0.282327
0.267190
0.419355
0.689108
0.061953
0.814600
0.190558
0.918302
0.396191
0.795099
0.152928
0.759087
0.371685
0.330149
0.297861
0.669454
0.818049
0.820063
0.257302
0.755974
0.908261
0.767907
0.955748
0.442854
0.276254
0.051515
0.920438
0.166540
0.058718
0.423475
0.905942
0.126591
0.766839
0.520920
0.989563
0.624805
0.393994
0.166509
0.793603
0.023316
0.666829
0.241646
0.990844
0.853175
0.844356
0.913114
0.749443
0.104343
0.972594
0.494369
0.273721
0.228980
0.000336
0.723411
0.096622
0.888485
0.662862
0.737114
0.280587
0.975982
0.538713
0.524583
0.182836
0.945830
0.187353
0.140324
0.941282
0.980468
0.772881
0.458144
0.337382
0.026826
0.079867
0.747337
0.192450
0.232978
0.328959
0.852748
0.953124
0.816248
0.696554
0.259133
0.622456
0.894589
0.946562
0.821894
0.693503
0.311777
0.079196
0.444777
0.240486
0.988250
0.404279
0.486435
0.824763
0.828242
0.943663
0.176458
0.371380
0.715293
0.570849
0.822474
0.672720
0.626362
0.792840
0.089663
0.675069
0.396802
0.580676
0.133732
0.204962
0.166662
0.155309
0.868435
0.291025
0.040010
0.134678
0.149419
0.737846
0.988464
0.948424
0.155248
0.107913
0.529771
0.926206
0.746818
0.768426
0.213599
0.966521
0.086520
0.158116
0.444777
0.191473
0.298837
0.931730
0.675649
0.494369
0.452559
0.137120
0.499191
0.385815
0.646962
0.082430
0.673452
0.045351
0.482681
0.048250
0.608966
0.984069
0.698508
0.502304
0.350322
0.224769
0.255531
0.972076
0.583209
0.406476
0.649648
0.231880
0.697836
0.718162
0.734123
0.960906
0.440626
0.069613
0.832850
0.527665
0.184668
0.404462
0.426038
0.058382
0.350932
0.562059
0.189489
0.444166
0.010681
0.594470
0.668538
0.444197
0.201239
0.945006
0.367809
0.540910
0.985626
0.393933
0.538804
0.703238
0.787500
0.178350
0.445235
0.714377
0.033143
0.191992
0.388958
0.220313
0.630848
0.671346
0.276193
0.155187
0.319773
0.274392
0.006439
0.699881
0.419080
0.958251
0.464766
0.430067
0.008667
0.561693
0.398877
0.810175
0.072970
0.499283
0.962310
0.688833
0.638630
0.472732
0.204505
0.953032
0.437819
0.606372
0.290078
0.996460
0.127964
0.912687
0.727134
0.158391
0.599658
0.493912
0.387036
0.790124
0.403394
0.386547
0.596393
0.103732
0.826899
0.454512
0.082339
0.461226
0.654012
0.237312
0.052889
0.258644
0.136479
0.159795
0.193060
0.062471
0.210059
0.009217
0.858394
0.154332
0.485549
0.086245
0.246864
0.139805
0.046999
0.936125
0.830866
0.778283
0.587542
0.065920
0.829646
0.689505
0.914335
0.554735
0.004700
0.093509
0.353954
0.962249
0.558123
0.240089
0.089480
0.442854
0.415967
0.683493
0.960448
0.470748
0.677633
0.059633
0.756737
0.082766
0.512406
0.521287
0.538347
0.044984
0.284646
0.487564
0.011170
0.849483
0.188665
0.864376
0.491226
0.947203
0.174566
0.391644
0.487564
0.123814
0.446486
0.273965
0.436018
0.424055
0.314219
0.750298
0.614185
0.531114
0.679739
0.759758
0.769616
0.007569
0.939634
0.359233
0.491836
0.303995
0.584765
0.049196
0.860195
0.940886
0.278665
0.663930
0.397748
0.771142
0.695395
0.982360
0.863704
0.728782
0.898648
0.716208
0.914396
0.970153
0.543046
0.031007
0.165136
0.813868
0.679006
0.256661
0.683462
0.386090
0.442122
0.943693
0.445143
0.376995
0.409009
0.921476
0.784753
0.814753
0.899960
0.514725
0.371166
0.263344
0.010346
0.574389
0.740104
0.350749
0.651967
0.479141
0.914151
0.032991
0.384869
0.763970
0.142247
0.501083
0.322001
0.531968
0.289621
0.136723
0.887082
0.305429
0.908841
0.423109
0.707266
0.472884
0.524369
0.216895
0.421949
0.987793
0.161046
0.288064
0.688650
0.475692
0.647786
0.533219
0.167516
0.405774
0.727958
0.769280
0.765740
0.482925
0.508072
0.513413
0.922605
0.917020
0.275002
0.655385
0.217170
0.725272
0.213965
0.429060
0.079318
0.723960
0.058138
0.588672
0.885556
0.366100
0.200934
0.196509
0.220862
0.080874
0.302713
0.928373
0.587817
0.271218
0.922636
0.302469
0.344127
0.626087
0.207251
0.738853
0.150212
0.903134
0.167211
0.854823
0.707389
0.838710
0.572588
0.903043
0.068636
0.340617
0.999054
0.758538
0.302835
0.620869
0.055483
0.360576
0.793664
0.423444
0.324656
0.016236
0.954466
0.004730
0.047792
0.471175
0.640675
0.021699
0.084597
0.154302
0.040437
0.984588
0.180212
0.502853
0.325175
0.430403
0.069552
0.773309
0.841029
0.473556
0.451277
0.245247
0.122776
0.889096
0.361797
0.223914
0.511063
0.386059
0.981170
0.747887
0.654469
0.226173
0.401685
0.407819
0.677664
0.844600
0.390698
0.183386
0.296701
0.628712
0.678976
0.703330
0.662954
0.511765
0.805292
0.835994
0.216620
0.536729
0.049287
0.016175
0.331584
0.047426
0.483596
0.214484
0.032105
0.662862
0.675588
0.955473
0.563524
0.690695
0.071749
0.290811
0.097110
0.136845
0.594317
0.134159
0.351634
0.966826
0.482101
0.863124
0.411603
0.775109
0.907071
0.595202
0.524369
0.519425
0.397107
0.044130
0.156835
0.475204
0.596973
0.362011
0.093326
0.067415
0.398267
0.874508
0.855586
0.735435
0.969939
0.114444
0.226142
0.487136
0.720084
0.060915
0.157048
0.299265
0.721152
0.989471
0.843837
0.019135
0.628864
0.839656
0.247322
0.925047
0.626606
0.506973
0.843715
0.600574
0.426679
0.964446
0.884396
0.280313
0.859249
0.620624
0.946898
0.321879
0.080355
0.820215
0.058138
0.961547
0.930601
0.893551
0.171026
0.009033
0.475204
0.661061
0.275857
0.638478
0.257088
0.799158
0.927946
0.930601
0.294076
0.973601
0.472121
0.323801
0.351451
0.146855
0.746239
0.629475
0.521195
0.965361
0.543992
0.767693
0.639119
0.633045
0.619037
0.880337
0.571093
0.177862
0.511246
0.977172
0.899686
0.516617
0.976562
0.771325
0.042451
0.225135
0.301523
0.860775
0.333201
0.419904
0.283853
0.911283
0.097171
0.656850
0.160405
0.998108
0.251808
0.254402
0.263405
0.761650
0.464095
0.946501
0.686697
0.534288
0.395825
0.271615
0.742790
0.093631
0.067965
0.604968
0.492416
0.199530
0.875423
0.238807
0.127323
0.570086
0.283425
0.418561
0.488113
0.453688
0.736900
0.739677
0.497818
0.452712
0.813807
0.812433
0.792932
0.755699
0.154057
0.600330
0.333018
0.433882
0.195074
0.338786
0.269784
0.958251
0.244850
0.439924
0.857509
0.593860
0.924802
0.290170
0.685537
0.827174
0.512375
0.346477
0.014222
0.482772
0.215888
0.437788
0.496078
0.686056
0.911710
0.677694
0.062166
0.327555
0.375805
0.894772
0.256630
0.185766
0.540941
0.986663
0.799005
0.364147
0.810083
0.104373
0.656789
0.199011
0.957915
0.072726
0.408734
0.294351
0.651509
0.953490
0.180609
0.839778
0.121342
0.157231
0.934416
0.867977
0.013977
0.010590
0.392041
0.607898
0.957518
0.184332
0.375683
0.589831
0.871334
0.889370
0.844752
0.658681
0.551286
0.246620
0.411634
0.551744
0.561296
0.736717
0.617450
0.197272
0.962981
0.136143
0.748253
0.389660
0.914457
0.846126
0.474075
0.998352
0.669393
0.020020
0.091128
0.365612
0.007965
0.396069
0.648915
0.050508
0.630390
0.241310
0.743248
0.574694
0.544786
0.313150
0.256691
0.325999
0.980316
0.244728
0.827448
0.277200
0.857204
0.260384
0.327799
0.674917
0.344310
0.627461
0.134129
0.355663
0.536058
0.750572
0.468490
0.845149
0.779778
0.314920
0.594134
0.896817
0.684469
0.384472
0.145848
0.626514
0.342753
0.861599
0.376049
0.898587
0.796777
0.214179
0.598254
0.120579
0.279397
0.876736
0.609088
0.102237
0.262459
0.231361
0.370159
0.135136
0.842341
0.575213
0.730705
0.949431
0.495132
0.980529
0.472671
0.703604
0.732017
0.453291
0.459243
0.663991
0.686270
0.297311
0.168249
0.729606
0.163152
0.089297
0.391522
0.459243
0.184179
0.171789
0.381298
0.756615
0.556261
0.069643
0.225623
0.869961
0.498062
0.736778
0.733055
0.862392
0.853847
0.039277
0.608509
0.209235
0.926695
0.380963
0.201697
0.678488
0.461928
0.877804
0.608539
0.150731
0.812433
0.987426
0.407788
0.534898
0.816492
1.000000
0.813349
0.435621
0.420179
0.296609
0.524155
0.729392
0.574786
0.781701
0.052309
0.704550
0.441145
0.395032
0.811182
0.922300
0.431776
0.110691
0.744346
0.454726
0.121952
0.328104
0.776940
0.655812
0.561571
0.062258
0.870449
0.122013
0.018311
0.838771
0.962310
0.998657
0.683828
0.700217
0.571459
0.287912
0.374096
0.230476
0.351176
0.315531
0.755119
0.002411
0.370586
0.011505
0.125217
0.355815
0.405622
0.161779
0.285348
0.911771
0.021241
0.286691
0.528459
0.729453
0.725974
0.302744
0.279214
0.511917
0.979553
0.623951
0.415479
0.766686
0.335978
0.858455
0.802545
0.327982
0.501999
0.757591
0.071627
0.146458
0.593158
0.572924
0.173681
0.752525
0.368236
0.477706
0.739952
0.299997
0.723655
0.209052
0.780084
0.596057
0.228584
0.587237
0.749962
0.023682
0.982604
0.067843
0.519425
0.763024
0.576739
0.983917
0.271737
0.217658
0.439222
0.633045
0.866237
0.052492
0.347484
0.867336
0.694632
0.748955
0.387005
0.340678
0.563189
0.084048
0.139225
0.071078
0.631275
0.439772
0.378765
0.473525
0.937681
0.348399
0.061831
0.519669
0.546495
0.180792
0.886990
0.180822
0.842952
0.383251
0.209113
0.810511
0.011170
0.169530
0.588702
0.622547
0.224708
0.074190
0.756523
0.921110
0.581225
0.273507
0.275948
0.239113
0.312510
0.080233
0.683859
0.040925
0.301370
0.518509
0.390790
0.145878
0.436110
0.384838
0.122868
0.528581
0.834284
0.702017
0.185369
0.652669
0.466842
0.971526
0.330058
0.993713
0.214087
0.131321
0.507279
0.908231
0.884152
0.624714
0.284066
0.504135
0.225806
0.486953
0.209479
0.669881
0.466842
0.855586
0.908567
0.917783
0.408765
0.810907
0.185705
0.198004
0.609638
0.952727
0.919767
0.339793
0.685812
0.619770
0.030427
0.275552
0.264412
0.157903
0.299203
0.704611
0.617115
0.143284
0.324107
0.352611
0.506851
0.967071
0.391308
0.482833
0.279000
0.687460
0.543291
0.815821
0.727561
0.555864
0.626087
0.513352
0.768090
0.122806
0.595843
0.383099
0.448683
0.330546
0.866756
0.960448
0.329905
0.497818
0.980987
0.623066
0.765221
0.603778
0.382366
0.395642
0.112980
0.776971
0.574633
0.599506
0.411451
0.395367
0.445662
0.004913
0.547746
0.704306
0.039338
0.641072
0.452376
0.358013
0.555437
0.920713
0.350322
0.791467
0.859645
0.235603
0.600024
0.828211
0.284402
0.678762
0.151524
0.431104
0.002075
0.049867
0.155004
0.001801
0.751732
0.800409
0.750847
0.135166
0.200446
0.073977
0.572802
0.235115
0.720847
0.499405
0.995117
0.898129
0.865841
0.890957
0.655171
0.470351
0.321879
0.514084
0.282632
0.685202
0.621937
0.071139
0.366619
0.786706
0.399548
0.064364
0.692007
0.045869
0.465102
0.692007
0.275826
0.075838
0.485641
0.933805
0.735984
0.851894
0.549486
0.982360
0.621967
0.842982
0.396741
0.676412
0.740501
0.160710
0.597247
0.092105
0.006104
0.132359
0.456893
0.949034
0.848476
0.203711
0.933775
0.986724
0.707724
0.578387
0.345256
0.968169
0.648762
0.499588
0.147588
0.466659
0.626026
0.581011
0.568712
0.091952
0.429975
0.092441
0.375866
0.312143
0.846339
0.606861
0.559557
0.527451
0.059542
0.915220
0.214301
0.552385
0.831629
0.614826
0.398236
0.162297
0.487564
0.277932
0.252327
0.860408
0.238777
0.606800
0.160802
0.522141
0.875576
0.480972
0.233406
0.072329
0.360057
0.303720
0.891812
0.852321
0.350627
0.553362
0.840052
0.832148
0.189489
0.946043
0.201727
0.325175
0.384167
0.115970
0.103916
0.360912
0.114383
0.219672
0.489853
0.371899
0.795831
0.369976
0.441237
0.351695
0.231513
0.306803
0.791772
0.139622
0.382488
0.209998
0.312662
0.988830
0.288766
0.061525
0.252022
0.073489
0.172063
0.462386
0.508621
0.092380
0.251320
0.310862
0.221931
0.623615
0.302438
0.248573
0.059359
0.388043
0.493301
0.280190
0.982055
0.077120
0.525498
0.473281
0.770226
0.901273
0.613971
0.144383
0.089938
0.515275
0.335734
0.437880
0.381664
0.477004
0.879177
0.703421
0.352794
0.895383
0.724570
0.578600
0.354503
0.424207
0.287912
0.183050
0.425092
0.257881
0.558824
0.329844
0.280068
0.285379
0.263527
0.160894
0.031281
0.058443
0.584979
0.112461
0.915342
0.731010
0.970305
0.616932
0.813379
0.624866
0.057863
0.447096
0.843043
0.579180
0.254585
0.109378
0.803705
0.739128
0.994720
0.192267
0.756890
0.940153
0.211615
0.075564
0.522416
0.344523
0.053865
0.907926
0.371776
0.485763
0.376507
0.257546
0.700308
0.377697
0.038972
0.343486
0.958831
0.844111
0.541002
0.252968
0.626423
0.725455
0.027589
0.051332
0.505539
0.118809
0.194525
0.190924
0.120579
0.307077
0.125309
0.124912
0.501114
0.534013
0.591021
0.532609
0.131291
0.281198
0.844539
0.062105
0.346416
0.203345
0.439894
0.997131
0.958129
0.377819
0.108432
0.753502
0.389203
0.024934
0.222785
0.612323
0.099551
0.355419
0.879971
0.595630
0.584338
0.700705
0.134831
0.890622
0.725639
0.582965
0.415448
0.729362
0.778893
0.880825
0.650990
0.129551
0.775445
0.746879
0.143895
0.403027
0.622211
0.433485
0.717612
0.837886
0.679952
0.683157
0.170598
0.460860
0.101291
0.839290
0.568712
0.286050
0.709677
0.334330
0.406171
0.956145
0.700766
0.710746
0.167486
0.182287
0.947172
0.831629
0.320475
0.889584
0.188025
0.436903
0.272622
0.473128
0.884762
0.701743
0.321360
0.072481
0.023591
0.952788
0.129765
0.269295
0.647328
0.199164
0.758873
0.115238
0.396069
0.633992
0.787927
0.896512
0.839778
0.763024
0.553819
0.540361
0.882351
0.316233
0.040773
0.071139
0.019776
0.599170
0.451918
0.020875
0.732780
0.439772
0.993316
0.201300
0.795465
0.387249
0.902615
0.743675
0.781365
0.319071
0.252846
0.812189
0.547960
0.112613
0.562944
0.897610
0.980895
0.537278
0.745933
0.097171
0.779199
0.023530
0.426588
0.287027
0.562975
0.465651
0.159307
0.593554
0.084384
0.713065
0.577624
0.069796
0.823511
0.908292
0.006561
0.983215
0.749962
0.326121
0.569445
0.620808
0.532395
0.871548
0.319498
0.018464
0.975860
0.891598
0.428785
0.520066
0.969176
0.458510
0.964476
0.572924
0.723472
0.779260
0.284524
0.666097
0.582751
0.888699
0.583819
0.817103
0.188116
0.281899
0.621662
0.514145
0.276803
0.642445
0.162358
0.519333
0.896970
0.322306
0.160039
0.439589
0.319956
0.730461
0.218635
0.471480
0.431257
0.285287
0.358592
0.226020
0.880764
0.088382
0.621509
0.039796
0.774407
0.974761
0.543901
0.678762
0.187933
0.096377
0.031373
0.840693
0.284310
0.695608
0.664327
0.362926
0.315653
0.223548
0.966735
0.541337
0.291330
0.461013
0.668813
0.466811
0.593493
0.797479
0.495437
0.785699
0.320658
0.324259
0.510819
0.790185
0.641652
0.898862
0.551286
0.245155
0.940062
0.835810
0.777215
0.857570
0.031190
0.380963
0.875271
0.794427
0.232612
0.625294
0.942259
0.156407
0.569170
0.014130
0.582018
0.812159
0.894345
0.108707
0.246345
0.500565
0.208686
0.755455
0.351268
0.606830
0.956816
0.320261
0.200110
0.518387
0.584124
0.143071
0.244240
0.967528
0.134739
0.869533
0.713218
0.266121
0.171331
0.815912
0.144993
0.839717
0.798883
0.023347
0.848201
0.966155
0.072756
0.158055
0.826868
0.125980
0.573382
0.913083
0.199530
0.870235
0.427534
0.068514
0.643880
0.611927
0.558672
0.866329
0.897488
0.247841
0.446730
0.855464
0.847163
0.016694
0.179022
0.864254
0.236885
0.499527
0.073458
0.255928
0.526383
0.169164
0.655202
0.123447
0.931272
0.394940
0.268075
0.580340
0.176061
0.308298
0.102115
0.803064
0.991546
0.436384
0.918271
0.982025
0.887112
0.509201
0.251534
0.836695
0.230079
0.346965
0.374218
0.851711
0.162969
0.233802
0.799707
0.889584
0.389538
0.683920
0.608905
0.337046
0.361492
0.006653
0.379955
0.440504
0.896786
0.576769
0.002991
0.987274
0.760826
0.215735
0.160497
0.988922
0.241737
0.590869
0.755303
0.522568
0.251137
0.038179
0.066866
0.386914
0.981414
0.715384
0.917631
0.728690
0.650960
0.491104
0.629841
0.296274
0.368664
0.476760
0.055208
0.476485
0.648579
0.607318
0.457808
0.770592
0.606311
0.176977
0.531693
0.866390
0.368389
0.736290
0.334696
0.962035
0.725730
0.256783
0.419355
0.498001
0.562395
0.969634
0.942442
0.953734
0.091098
0.784021
0.034211
0.864650
0.426557
0.692160
0.208716
0.716514
0.528031
0.066805
0.096255
0.872738
0.042177
0.257515
0.279580
0.191107
0.077639
0.392071
0.514573
0.486496
0.442427
0.789087
0.117161
0.495163
0.375439
0.888485
0.797449
0.497482
0.303568
0.105502
0.722221
0.255135
0.655141
0.515000
0.087527
0.418928
0.261483
0.771813
0.981933
0.063540
0.377636
0.174047
0.822169
0.505509
0.853145
0.274911
0.142430
0.060732
0.484939
0.949828
0.018250
0.897702
0.082766
0.324595
0.906583
0.642262
0.279000
0.471541
0.182684
0.891354
0.613544
0.279092
0.156438
0.290475
0.925718
0.401776
0.847346
0.332286
0.583789
0.696127
0.301248
0.531968
0.583728
0.049654
0.729209
0.135807
0.048433
0.008332
0.249672
0.019379
0.158422
0.109256
0.515702
0.931211
0.045534
0.324503
0.007813
0.738487
0.680776
0.522813
0.274667
0.831202
0.287484
0.354900
0.901669
0.340190
0.311258
0.468978
0.489669
0.326609
0.477615
0.462386
0.424757
0.597644
0.968841
0.476119
0.719993
0.305918
0.251381
0.837977
0.710990
0.988159
0.584735
0.660726
0.885983
0.199591
0.743065
0.801782
0.632130
0.400342
0.981414
0.090396
0.178991
0.249855
0.776849
0.228675
0.520524
0.966124
0.376507
0.272530
0.596789
0.905087
0.683493
0.099185
0.516739
0.017609
0.511734
0.767205
0.103366
0.339244
0.741569
0.175146
0.542222
0.169439
0.406659
0.925687
0.414533
0.096713
0.243934
0.800592
0.896939
0.525529
0.737785
0.753685
0.407697
0.861538
0.189245
0.827418
0.482101
0.011170
0.842402
0.899594
0.157201
0.352092
0.598102
0.666341
0.647755
0.830256
0.347362
0.767815
0.594440
0.340556
0.454695
0.462508
0.665456
0.046907
0.423261
0.756951
0.793054
0.797571
0.273080
0.396344
0.825892
0.292978
0.663045
0.623188
0.878964
0.161504
0.288644
0.109348
0.161596
0.599750
0.586077
0.968566
0.565722
0.733360
0.274483
0.254891
0.794641
0.355083
0.767083
0.854183
0.314524
0.195868
0.982879
0.173894
0.909116
0.385418
0.589923
0.538530
0.119327
0.258461
0.211524
0.695761
0.348949
0.162908
0.626576
0.340800
0.917264
0.426435
0.495163
0.063997
0.840571
0.137272
0.641072
0.629109
0.623371
0.895779
0.421827
0.987182
0.840419
0.192969
0.218329
0.933805
0.791192
0.572405
0.574358
0.814508
0.007752
0.231147
0.018128
0.185736
0.897641
0.216926
0.096622
0.836818
0.302286
0.876797
0.653981
0.079592
0.253273
0.714164
0.885250
0.712149
0.706687
0.310556
0.196997
0.562120
0.537400
0.467513
0.405622
0.016724
0.574419
0.225990
0.304880
0.445357
0.958312
0.918607
0.133671
0.920682
0.602344
0.911496
0.975799
0.145085
0.038301
0.191809
0.622059
0.988617
0.428327
0.457289
0.927183
0.543962
0.023988
0.863826
0.191534
0.105747
0.853969
0.087558
0.599872
0.979797
0.921384
0.858028
0.247597
0.528428
0.692190
0.617481
0.786767
0.358867
0.155919
0.464248
0.221686
0.059999
0.239906
0.035035
0.886929
0.394391
0.857997
0.483139
0.137577
0.351665
0.375744
0.208380
0.784295
0.969451
0.772637
0.495712
0.803003
0.328074
0.282662
0.717643
0.351817
0.625477
0.795007
0.257942
0.625752
0.738273
0.795526
0.812006
0.580218
0.175542
0.130436
0.220313
0.055361
0.831446
0.373852
0.491745
0.331828
0.442671
0.079592
0.172155
0.649373
0.157628
0.699515
0.715293
0.719718
0.122898
0.448653
0.011475
0.764763
0.493606
0.899289
0.731254
0.111362
0.773888
0.584368
0.639271
0.874294
0.893612
0.392468
0.535386
0.757775
0.927854
0.034394
0.979034
0.508042
0.865047
0.363781
0.452712
0.047151
0.330180
0.832301
0.121494
0.819758
0.669454
0.860775
0.844478
0.384075
0.302438
0.407758
0.594012
0.778222
0.748131
0.516526
0.940184
0.693167
0.230873
0.121738
0.755089
0.983673
0.272958
0.897397
0.794763
0.548143
0.179479
0.426649
0.313883
0.109226
0.822230
0.475600
0.370342
0.925687
0.628468
0.651479
0.974944
0.967345
0.181310
0.226966
0.743583
0.584246
0.337413
0.411908
0.207404
0.201056
0.268624
0.853420
0.437422
0.068178
0.333659
0.645619
0.139836
0.600635
0.186193
0.630787
0.878384
0.336406
0.025422
0.272286
0.579638
0.044740
0.395611
0.881405
0.978301
0.016449
0.440352
0.478774
0.157476
0.066958
0.018677
0.071749
0.841609
0.283395
0.588427
0.629353
0.597003
0.047243
0.263344
0.535203
0.597308
0.363598
0.950621
0.800806
0.109256
0.028199
0.974364
0.819483
0.355846
0.663778
0.091922
0.942625
0.912259
0.156590
0.309061
0.659566
0.291421
0.524857
0.399792
0.662099
0.875484
0.749748
0.538224
0.575121
0.848781
0.600879
0.947295
0.634510
0.289438
0.986877
0.971831
0.093356
0.075259
0.862850
0.481399
0.638325
0.760216
0.225532
0.009735
0.596545
0.078036
0.227760
0.536454
0.215278
0.228950
0.943113
0.317698
0.794702
0.605914
0.812433
0.672170
0.955596
0.116428
0.303049
0.127873
0.823237
0.756493
0.812342
0.837123
0.408094
0.592547
0.346385
0.664754
0.965667
0.808130
0.005646
0.856960
0.615406
0.970916
0.808191
0.695975
0.001251
0.176977
0.882168
0.047670
0.274056
0.228248
0.558824
0.207923
0.177648
0.499161
0.396954
0.953948
0.519669
0.649190
0.670461
0.206824
0.808466
0.837519
0.349620
0.212226
0.337107
0.595477
0.108463
0.644185
0.496078
0.013855
0.387951
0.539384
0.595630
0.400739
0.047823
0.467788
0.979217
0.066042
0.636952
0.845607
0.709098
0.389904
0.814478
0.797388
0.605579
0.829768
0.952605
0.472884
0.920988
0.023743
0.451827
0.225532
0.429548
0.645772
0.800958
0.558275
0.214728
0.168554
0.912015
0.243355
0.934874
0.191809
0.761986
0.522141
0.848781
0.490371
0.872463
0.791284
0.382183
0.439802
0.658376
0.681448
0.516678
0.974853
0.177160
0.934904
0.781854
0.737663
0.309580
0.988098
0.132420
0.571490
0.903256
0.665670
0.491409
0.016419
0.910642
0.892056
0.240425
0.963439
0.052156
0.826777
0.438490
0.122410
0.036103
0.329844
0.050783
0.461776
0.866298
0.163793
0.968261
0.274026
0.268960
0.837703
0.099399
0.025300
0.770196
0.500626
0.316050
0.643941
0.454543
0.789819
0.533128
0.404859
0.937132
0.040162
0.705252
0.066012
0.579363
0.761681
0.019929
0.412885
0.480392
0.790155
0.069735
0.867519
0.275094
0.018433
0.284036
0.318094
0.269814
0.113834
0.401685
0.825892
0.947508
0.128025
0.266152
0.364849
0.373028
0.405957
0.724082
0.251045
0.530290
0.699576
0.908536
0.417707
0.121982
0.893277
0.688467
0.192206
0.863979
0.246498
0.565172
0.731132
0.804346
0.560564
0.797601
0.770043
0.699850
0.175085
0.036988
0.843776
0.979797
0.201300
0.253090
0.633656
0.328959
0.897488
0.231971
0.598132
0.421522
0.593463
0.428053
0.542589
0.835871
0.070162
0.450270
0.285104
0.682760
0.800348
0.964751
0.073946
0.977599
0.957121
0.294412
0.913480
0.287881
0.596179
0.497269
0.454329
0.687613
0.918180
0.204474
0.604450
0.549120
0.017151
0.999237
0.516923
0.204627
0.022217
0.618213
0.111148
0.007691
0.037080
0.756340
0.783502
0.826655
0.785638
0.756218
0.463301
0.500504
0.368114
0.964049
0.671468
0.289651
0.035340
0.032044
0.736534
0.851283
0.386578
0.950316
0.825892
0.771783
0.897336
0.087466
0.947081
0.187078
0.183813
0.023194
0.576525
0.521989
0.909757
0.452467
0.071200
0.879879
0.741935
0.943541
0.519883
0.114139
0.261238
0.830561
0.189886
0.112583
0.234504
0.022462
0.226173
0.325755
0.154302
0.008850
0.758171
0.070833
0.452437
0.844417
0.071444
0.642079
0.293497
0.393262
0.999817
0.759209
0.354778
0.614277
0.194525
0.384838
0.498733
0.168554
0.426740
0.442549
0.744377
0.130497
0.579150
0.466231
0.443525
0.083682
0.483657
0.712607
0.068728
0.382580
0.260811
0.767846
0.518357
0.861782
0.317515
0.179296
0.345836
0.773583
0.659078
0.144444
0.818873
0.235359
0.672079
0.787133
0.214881
0.968047
0.034272
0.053133
0.259194
0.606586
0.907468
0.756523
0.112003
0.364422
0.069887
0.806970
0.810297
0.332224
0.144597
0.150426
0.571215
0.192938
0.579333
0.453963
0.863063
0.633992
0.534898
0.065554
0.649983
0.238075
0.337962
0.281106
0.716788
0.133580
0.654592
0.448836
0.480178
0.186254
0.040345
0.943205
0.192358
0.012879
0.024384
0.538835
0.943785
0.598621
0.382092
0.216620
0.370556
0.799127
0.754112
0.932157
0.473647
0.508560
0.266915
0.378521
0.455275
0.775018
0.311930
0.274789
0.979369
0.644368
0.138707
0.210486
0.761956
0.013916
0.419202
0.578631
0.897977
0.277017
0.438612
0.627491
0.830683
0.040040
0.069765
0.162786
0.369732
0.692740
0.186834
0.931883
0.664602
0.113468
0.674673
0.220099
0.538957
0.290567
0.690085
0.692221
0.093112
0.140507
0.331523
0.008362
0.979797
0.305246
0.373058
0.247261
0.260231
0.208655
0.219123
0.666921
0.246864
0.154637
0.736076
0.834773
0.237861
0.746910
0.117069
0.657949
0.551317
0.412610
0.436567
0.345439
0.763939
0.310739
0.050081
0.832942
0.561357
0.406415
0.496445
0.701895
0.105899
0.992523
0.057711
0.123997
0.328166
0.439650
0.634053
0.862423
0.048830
0.456343
0.088809
0.860500
0.336619
0.639668
0.721091
0.450087
0.008881
0.598529
0.021027
0.710074
0.681112
0.430372
0.364849
0.006439
0.271401
0.832545
0.805445
0.245460
0.366283
0.629810
0.615009
0.870663
0.354228
0.999145
0.735923
0.135594
0.732841
0.172857
0.795892
0.683126
0.496170
0.901730
0.843898
0.962279
0.008362
0.458907
0.463271
0.514664
0.269997
0.466292
0.417646
0.661184
0.983032
0.324381
0.486618
0.620228
0.320963
0.526749
0.646992
0.588794
0.810419
0.640645
0.255989
0.817927
